# Trouble in Terrorist Town weapon/ammo placement overrides
# For map: cs_office_unlimited_oc
# Exported by: Doctor Blargio
setting:	replacespawns 1
weapon_ttt_dual_elites	1483.038330 -201.244431 -127.965904	1.958 0.154 -0.056
weapon_ttt_dual_elites	1367.001709 39.260307 -130.011383	1.932 0.149 -0.061
weapon_ttt_dual_elites	1797.330688 463.501434 -160.057816	1.951 0.161 -0.049
weapon_ttt_dual_elites	270.018890 867.711426 -154.252487	51.467 160.052 -142.244
weapon_ttt_dual_elites	-524.068604 1225.444092 -136.276749	1.935 0.156 -0.053
weapon_ttt_dual_elites	2027.849976 172.557251 -367.572357	1.980 0.163 -0.051
weapon_ttt_dual_elites	1935.074341 -1307.381836 -316.711975	1.997 0.160 -0.061
weapon_ttt_dual_elites	1318.224976 -2248.996094 -238.940918	1.831 108.677 -1.025
weapon_ttt_dual_elites	-1751.466187 -1282.586792 -327.931305	1.183 -4.247 0.195
weapon_ttt_dual_elites	235.702942 867.169312 -156.355804	-14.966 10.362 66.601
weapon_ttt_dual_elites	553.861633 401.087677 -160.041153	1.935 0.156 -0.053
weapon_ttt_dual_elites	1470.296875 -278.893677 -341.444855	2.611 0.140 0.052
weapon_ttt_dual_elites	582.846069 -399.581177 -328.045410	2.031 0.167 -0.056
weapon_ttt_dual_elites	-803.439148 -1217.294434 -240.050140	2.038 0.173 -0.055
weapon_ttt_dual_elites	1519.075073 -646.538757 -127.959641	1.951 0.151 -0.057
weapon_ttt_dual_elites	562.063843 1101.153931 -176.014267	1.982 0.157 -0.063
weapon_ttt_dual_elites	145.647064 -174.622574 -111.156235	1.963 0.154 -0.054
weapon_ttt_dual_elites	-670.128357 -962.877380 -129.423050	1.980 0.163 -0.051
weapon_ttt_smokegrenade	495.733002 637.470276 -155.410095	1.002 57.135 -0.771
weapon_ttt_smokegrenade	-445.939789 -115.713997 -125.394798	2.173 -0.121 -2.220
weapon_ttt_smokegrenade	-440.233612 -112.020401 -125.403999	2.465 -0.123 -2.528
weapon_ttt_smokegrenade	-437.509705 -119.119598 -125.467201	1.159 0.012 -0.959
weapon_ttt_smokegrenade	-441.285187 -126.201897 -125.432999	3.306 -0.124 -3.408
weapon_ttt_smokegrenade	-430.944397 -114.058197 -125.471901	1.015 0.012 -0.736
weapon_ttt_smokegrenade	2219.440674 -180.279999 -125.455299	0.541 0.007 -0.260
weapon_ttt_smokegrenade	1850.953979 454.496979 -175.839417	-1.480 -1.456 -1.507
weapon_ttt_mp5	664.752686 -36.639343 -364.929626	0.006 0.300 -87.389
weapon_ttt_mp5	2195.114014 -62.520996 -129.323425	0.111 2.725 83.037
weapon_ttt_mp5	2188.154541 -134.567322 -129.367584	0.118 11.215 83.035
weapon_ttt_mp5	1352.134521 -655.024780 -126.836494	0.400 6.084 -87.595
weapon_ttt_mp5	1618.700684 -570.690063 -126.925201	0.407 100.535 -86.472
weapon_ttt_mp5	-293.837433 582.736938 -135.272049	0.963 -94.644 -85.945
weapon_ttt_mp5	2259.649658 434.241272 -174.903656	0.208 0.006 -87.152
weapon_ttt_mp5	-17.184134 -806.372681 -214.653442	-0.005 29.848 82.997
weapon_ttt_mp5	-352.861176 -721.904358 -262.168182	0.643 0.716 -91.680
weapon_ttt_mp5	1612.798828 -576.410095 -78.427673	0.432 -85.882 -89.863
weapon_ttt_mp5	2361.963135 -1274.058716 -252.426773	0.013 -89.458 83.353
weapon_ttt_mp5	1302.009766 338.265808 -111.888138	0.578 5.453 -86.014
weapon_ttt_magnum	1316.477539 748.007202 -157.976257	9.271 -44.009 75.338
weapon_ttt_magnum	1315.498047 726.495422 -158.003769	9.202 0.103 74.663
weapon_ttt_magnum	2179.246826 -2177.343262 -327.798767	-1.435 -62.132 86.416
weapon_ttt_glock	-823.896912 257.332489 -366.417114	0.163 -39.565 -89.892
weapon_ttt_glock	1819.224854 -80.658096 -147.131607	0.333 46.081 89.711
weapon_ttt_glock	-975.550293 -1466.854126 -326.482300	-0.833 -38.038 -91.104
weapon_ttt_glock	-260.427490 481.508209 -159.659195	-0.077 174.662 91.369
weapon_ttt_glock	1477.244019 -308.321808 -340.462036	0.071 26.319 89.843
weapon_ttt_smg	-784.295227 -529.886108 -266.095367	5.047 0.276 2.300
weapon_ttt_smg	-819.792419 -435.371490 -290.001343	5.050 0.296 2.533
weapon_ttt_smg	1826.018188 985.572937 -306.858002	-2.938 -5.392 -97.212
weapon_ttt_smg	1577.982056 671.440430 -127.102745	-50.385 -164.268 50.207
weapon_ttt_smg	1309.010742 -113.282043 -157.468170	-1.824 2.865 -89.517
weapon_ttt_smg	1334.554565 -114.544647 -157.486267	-1.334 8.168 -90.086
item_ammo_revolver_ttt	1520.940552 -647.757080 -79.474899	1.518 2.201 0.058
item_ammo_revolver_ttt	1495.252197 -662.688782 -79.440201	0.452 -2.127 -0.695
item_ammo_revolver_ttt	1452.014526 -663.370483 -79.432404	0.889 -4.559 0.364
item_ammo_revolver_ttt	1561.146973 -665.389526 -79.534401	-1.504 90.922 -0.122
item_ammo_revolver_ttt	488.576294 542.374878 -75.122803	0.898 4.331 0.016
item_ammo_revolver_ttt	482.732208 554.952576 -75.063904	1.126 18.044 0.097
item_ammo_revolver_ttt	495.327087 566.622620 -75.103996	0.421 4.987 -0.074
item_ammo_revolver_ttt	1251.625610 52.791100 -129.689896	0.447 0.074 0.063
item_ammo_revolver_ttt	1092.534180 -1187.146606 -295.062195	0.449 0.059 0.043
item_ammo_revolver_ttt	1913.040771 -548.634094 -151.397903	-0.437 23.234 0.087
item_ammo_revolver_ttt	1495.929565 401.501984 -159.529739	0.477 0.516 0.000
item_ammo_revolver_ttt	1505.823730 403.821198 -159.618256	0.469 0.058 0.032
item_ammo_revolver_ttt	1512.818848 402.509399 -159.603577	0.470 0.057 0.027
item_ammo_revolver_ttt	1520.276855 402.973785 -159.679977	0.463 0.075 0.054
item_ammo_revolver_ttt	1527.684814 402.669434 -159.632706	0.467 0.060 0.037
item_ammo_revolver_ttt	1534.964478 401.608307 -159.622375	0.468 0.058 0.034
item_ammo_revolver_ttt	479.395599 -406.129395 -159.594986	1.501 1.223 -0.011
item_ammo_revolver_ttt	490.379913 -406.405090 -159.554443	1.022 -0.559 -0.735
item_ammo_revolver_ttt	501.384277 -406.290375 -159.560715	0.617 0.102 -0.534
item_ammo_revolver_ttt	511.540558 -406.325043 -159.606018	0.004 -0.869 0.399
item_ammo_revolver_ttt	520.875244 -406.416931 -159.595062	-0.348 -0.289 0.047
item_ammo_revolver_ttt	530.672546 -406.369385 -159.587952	0.796 -0.292 -1.044
item_ammo_revolver_ttt	539.983337 -406.482605 -159.573318	0.281 -0.398 -0.471
item_ammo_revolver_ttt	553.696228 -405.595123 -159.575745	-0.429 3.162 0.000
item_ammo_revolver_ttt	1125.690430 -233.969604 -159.566833	1.088 -0.479 -0.955
item_ammo_revolver_ttt	1133.201538 -234.053619 -159.566635	1.120 -0.420 -0.975
item_ammo_revolver_ttt	1140.080688 -234.152725 -159.573380	-0.112 0.259 -0.172
item_ammo_revolver_ttt	1147.218994 -234.948257 -159.571274	0.323 -9.361 0.415
item_ammo_revolver_ttt	1315.242676 662.109741 -159.626984	0.790 0.461 0.010
item_ammo_revolver_ttt	1315.299438 676.522644 -159.544098	1.437 -0.185 -0.884
item_ammo_revolver_ttt	1315.224854 690.458923 -159.563675	0.999 -0.295 -0.847
item_ammo_revolver_ttt	1315.247559 707.016296 -159.547668	0.659 0.090 -0.380
item_ammo_revolver_ttt	-691.347534 -2067.042969 -327.546173	-0.154 0.318 0.219
item_ammo_revolver_ttt	-691.366394 -2084.555908 -327.538971	0.168 0.233 0.091
item_ammo_revolver_ttt	-691.197693 -2101.789063 -327.589966	-0.196 -0.067 -0.367
item_ammo_revolver_ttt	-691.351501 -2123.784912 -327.554291	1.415 0.023 -1.012
item_ammo_revolver_ttt	-691.345215 -2143.966064 -327.561676	0.866 -0.022 -0.725
item_ammo_revolver_ttt	-691.329346 -2158.806641 -327.592194	0.831 -0.032 -0.140
item_ammo_revolver_ttt	-691.418457 -2176.300293 -327.544342	1.457 -0.071 -0.429
item_ammo_revolver_ttt	-1165.262207 361.639221 -324.859955	-6.279 0.873 -1.430
item_ammo_revolver_ttt	-1155.507813 361.742981 -323.936707	-6.055 0.583 -1.300
item_ammo_revolver_ttt	-1143.652954 359.967438 -322.785461	-5.434 0.144 -1.427
item_ammo_revolver_ttt	-1251.628906 361.860809 -329.081909	0.062 1.418 4.343
item_ammo_revolver_ttt	-1241.409668 361.799072 -328.875153	-0.247 0.935 4.228
item_ammo_revolver_ttt	-1230.366699 361.932892 -328.787079	-0.085 0.942 4.326
item_ammo_revolver_ttt	-445.540710 1151.254150 -134.942078	0.534 1.203 0.064
item_ammo_revolver_ttt	2178.814941 -2213.180664 -328.639587	0.395 -0.142 -0.024
item_ammo_revolver_ttt	2179.201172 -2197.079346 -328.651825	0.454 0.062 0.049
item_ammo_revolver_ttt	1450.555054 -1758.829956 -234.571259	0.128 -29.797 89.467
item_ammo_revolver_ttt	1440.944580 -1762.746582 -238.602081	-0.948 5.245 -0.000
item_ammo_revolver_ttt	2524.724121 -1370.327515 -327.563141	-0.198 -0.461 0.013
item_ammo_revolver_ttt	2524.742676 -1382.501587 -327.585175	-0.151 -0.098 -0.330
item_ammo_revolver_ttt	2524.742676 -1392.927856 -327.594849	0.188 -0.121 -0.707
item_ammo_revolver_ttt	2524.709717 -1405.276855 -327.552704	-0.594 0.562 0.441
item_ammo_revolver_ttt	2524.690430 -1415.911377 -327.556641	-0.153 0.447 0.071
item_ammo_revolver_ttt	2524.789795 -1429.381836 -327.578796	-0.550 -0.004 0.043
item_ammo_revolver_ttt	2524.677979 -1445.176147 -327.551361	0.097 0.393 -0.032
item_ammo_revolver_ttt	1572.405273 -73.301262 -159.640793	0.467 0.062 0.040
item_ammo_revolver_ttt	1571.273438 -58.474865 -159.547089	1.148 0.258 -0.720
item_ammo_revolver_ttt	1571.254395 -44.049549 -159.563187	1.147 0.052 -0.946
item_ammo_revolver_ttt	1571.284912 -28.662769 -159.562805	1.066 -0.059 -0.883
ttt_random_weapon	1149.278076 302.737946 -158.757935	1.270 8.522 -93.834
ttt_random_weapon	2174.827637 -236.674500 -112.128197	1.625 24.343 -93.170
ttt_random_weapon	1342.277344 -550.545776 -158.796692	1.826 16.695 -94.327
ttt_random_weapon	1339.511475 -373.272400 -149.890396	2.224 6.790 -92.007
ttt_random_weapon	734.188599 -206.546707 -120.186996	1.204 9.804 -94.793
ttt_random_weapon	731.028015 -241.033096 -116.202499	2.340 -3.006 -92.551
ttt_random_weapon	-514.722107 -433.277802 -251.823593	-7.274 2.826 -90.295
ttt_random_weapon	-1651.838135 -448.845001 -238.798401	1.857 4.928 -92.637
ttt_random_weapon	-1643.488770 -136.618103 -238.790695	1.770 4.927 -92.837
ttt_random_weapon	-1276.437378 -2113.079102 -264.928009	1.907 41.418 -92.523
ttt_random_weapon	664.042725 -1509.198242 -238.942200	1.501 6.231 -93.454
ttt_random_weapon	652.634888 -1343.154297 -239.689194	1.890 -9.593 -92.563
ttt_random_weapon	1334.658081 -1490.318115 -321.127594	2.807 -4.142 -94.023
ttt_random_weapon	-296.965790 672.248718 -130.339767	15.404 112.368 87.033
ttt_random_weapon	-299.695679 486.084656 -134.522400	-2.459 -77.804 86.163
ttt_random_weapon	-1379.044556 1225.125854 -334.801300	1.890 4.927 -92.563
ttt_random_weapon	-1011.934326 600.282776 -334.799896	1.874 4.930 -92.601
ttt_random_weapon	-723.984802 569.353027 -366.799103	1.865 4.929 -92.619
ttt_random_weapon	-788.746582 128.228897 -366.778503	1.632 4.921 -93.153
ttt_random_weapon	27.361933 500.402191 -134.662247	7.948 0.479 -4.105
ttt_random_weapon	27.387226 533.127380 -134.142792	1.470 -8.995 -94.834
ttt_random_weapon	1999.101074 71.743179 -366.347595	1.927 -20.461 -93.443
ttt_random_weapon	1186.258667 -266.925720 -340.799194	2.375 3.623 -91.450
ttt_random_weapon	1624.296631 -487.074707 -364.783569	1.690 5.334 -93.021
ttt_random_weapon	1689.429077 -493.410919 -364.797729	1.849 4.928 -92.656
ttt_random_weapon	1718.857666 1511.437988 -181.265823	-3.051 -6.241 -88.826
ttt_random_weapon	79.786942 -277.534729 -240.298676	2.320 -45.871 -91.577
ttt_random_weapon	1045.199585 -349.691895 -158.751984	1.332 98.384 -93.841
weapon_ttt_pump_shotgun	1747.966797 -154.750793 -133.907486	-0.645 -9.525 -90.141
weapon_ttt_pump_shotgun	126.907379 -1148.973022 -222.541595	-0.241 -22.233 -89.323
weapon_ttt_pump_shotgun	85.596481 -1150.359619 -222.481720	-0.516 -15.931 -89.530
weapon_ttt_pump_shotgun	258.121246 -413.804047 -158.504715	-0.475 -10.309 -89.977
weapon_ttt_pump_shotgun	1323.843018 -437.422302 -152.406128	-0.570 -65.535 -88.707
weapon_ttt_pump_shotgun	535.229370 669.673828 -158.529907	-0.321 -10.191 -89.808
weapon_ttt_pump_shotgun	-982.518738 -2176.782715 -334.618164	-0.310 -10.260 -89.013
weapon_ttt_pump_shotgun	-1378.324097 233.224365 -294.861206	7.389 -8.786 -98.033
weapon_ttt_pump_shotgun	-430.506348 1239.842773 -134.459930	-0.472 -10.292 -90.022
weapon_ttt_pump_shotgun	751.534607 -744.730530 -364.510162	-0.434 -9.744 -89.559
item_ammo_smg1_ttt	1358.581909 -98.655998 -134.588806	0.269 -0.005 0.169
item_ammo_smg1_ttt	1284.831055 -96.069504 -134.560303	0.124 -0.415 -0.032
item_ammo_smg1_ttt	1271.647339 -73.950600 -134.471405	-0.542 0.056 -0.124
item_ammo_smg1_ttt	1272.532593 -96.044098 -159.481201	0.228 0.019 0.456
item_ammo_smg1_ttt	1319.846802 -79.864601 -96.548897	-0.566 15.716 0.408
item_ammo_smg1_ttt	610.296875 -1709.311279 -304.127594	-3.363 -0.000 2.741
item_ammo_smg1_ttt	608.734497 -2038.658081 -309.158386	9.387 0.250 -23.487
item_ammo_smg1_ttt	349.303986 -418.457794 -159.452301	0.192 -0.384 -0.075
item_ammo_smg1_ttt	349.984192 -418.399414 -145.683807	0.128 -1.430 -0.023
item_ammo_smg1_ttt	738.336975 -157.165497 -127.487396	-0.847 0.066 -0.218
item_ammo_smg1_ttt	1358.115723 -76.243202 -120.577698	0.471 -0.004 0.305
item_ammo_smg1_ttt	1343.424805 -103.158501 -120.481499	0.314 -1.272 0.014
item_ammo_smg1_ttt	2267.520508 -142.138901 -159.490707	-0.360 0.011 -0.297
item_ammo_smg1_ttt	1390.364258 -92.379898 -159.505798	-0.903 0.357 -0.200
item_ammo_smg1_ttt	1257.284912 -74.013199 -159.498993	-0.678 0.234 -0.025
item_ammo_smg1_ttt	1300.874878 -73.936699 -120.485199	-0.812 -0.019 -0.210
item_ammo_smg1_ttt	1300.367432 -97.649300 -120.595802	0.190 -0.005 0.116
item_ammo_smg1_ttt	1340.477539 -76.359497 -108.568001	-0.019 -0.033 0.055
item_ammo_smg1_ttt	1278.634277 18.363884 -129.474899	0.817 -0.460 -0.284
item_ammo_smg1_ttt	1296.349243 18.249430 -129.497681	1.069 -0.298 -0.294
item_ammo_smg1_ttt	2062.684814 102.067566 -159.365036	0.113 -0.008 0.966
item_ammo_smg1_ttt	2083.232178 101.938301 -159.487701	0.095 0.021 0.412
item_ammo_smg1_ttt	2104.830811 102.014343 -159.473434	0.090 -0.082 0.609
item_ammo_smg1_ttt	2119.447998 102.080818 -159.420990	0.186 0.018 0.871
item_ammo_smg1_ttt	2142.942627 102.077225 -159.489304	0.221 0.024 0.731
item_ammo_smg1_ttt	2042.698242 101.977982 -159.503525	0.117 0.020 0.536
item_ammo_smg1_ttt	870.545471 -28.149082 -159.565430	0.938 -0.000 0.617
item_ammo_smg1_ttt	869.981812 -2.409154 -159.491745	0.897 -0.051 -0.222
item_ammo_smg1_ttt	872.877502 17.545229 -159.453888	-0.413 -0.456 0.393
item_ammo_smg1_ttt	1090.863037 -810.052917 -159.457001	0.556 0.428 0.328
item_ammo_smg1_ttt	1121.321533 -810.139221 -159.455444	0.398 0.060 0.196
item_ammo_smg1_ttt	-45.609318 -758.035339 -279.562958	1.102 0.002 0.726
item_ammo_smg1_ttt	-53.371239 -786.031982 -279.528961	-0.104 0.036 0.183
item_ammo_smg1_ttt	-318.830902 -862.831848 -262.922363	0.452 0.008 5.311
item_ammo_smg1_ttt	-374.783508 -862.759277 -262.949005	-0.030 -0.527 5.207
item_ammo_smg1_ttt	-898.562805 -411.990143 -308.823639	8.538 35.648 13.226
item_ammo_smg1_ttt	-861.046875 -413.198822 -319.176575	6.812 45.398 15.428
item_ammo_smg1_ttt	-918.633240 -411.613251 -303.526123	8.142 36.117 13.294
item_ammo_smg1_ttt	-408.827301 350.008270 -159.492386	0.262 -0.031 0.556
item_ammo_smg1_ttt	-433.098633 349.999756 -159.478027	0.195 -0.349 0.413
item_ammo_smg1_ttt	-456.963379 350.010040 -159.445770	0.130 0.009 0.661
item_ammo_smg1_ttt	-474.792542 350.052094 -159.496704	-0.951 0.028 -0.224
item_ammo_smg1_ttt	-495.077148 350.035034 -159.445587	0.764 -0.424 0.570
item_ammo_smg1_ttt	-515.285583 349.663330 -159.501923	0.077 -1.707 -0.395
item_ammo_smg1_ttt	-533.928284 349.695282 -159.521576	-0.052 1.907 -0.162
item_ammo_smg1_ttt	-298.337189 -13.793146 -159.491699	-1.230 0.382 -0.413
item_ammo_smg1_ttt	-326.560577 -13.853678 -159.526337	0.303 0.347 0.479
item_ammo_smg1_ttt	-350.914459 -13.086855 -159.470596	-0.296 2.596 -0.041
item_ammo_smg1_ttt	1494.115601 -361.984558 -159.490631	0.239 -0.177 0.529
item_ammo_smg1_ttt	1479.580444 -361.985565 -159.490143	0.188 -0.283 0.491
item_ammo_smg1_ttt	1462.119873 -362.099182 -159.491287	0.050 0.041 0.194
item_ammo_smg1_ttt	863.330444 1046.276733 -159.309555	-0.461 0.308 1.628
item_ammo_smg1_ttt	886.224976 1046.033325 -159.493454	-0.193 0.021 0.260
item_ammo_smg1_ttt	905.550720 1045.575684 -159.513428	-0.244 0.291 -0.093
item_ammo_smg1_ttt	366.000031 10.065632 -159.506546	-0.772 0.050 -0.242
item_ammo_smg1_ttt	344.149628 10.045417 -159.515060	-0.212 0.132 0.019
item_ammo_smg1_ttt	320.878204 10.086751 -159.491714	-0.783 0.064 -0.145
item_ammo_smg1_ttt	-831.428284 -1578.010132 -335.511963	0.498 -0.055 -0.166
item_ammo_smg1_ttt	-808.341370 -1577.991211 -335.532043	-0.285 0.035 0.038
item_ammo_smg1_ttt	-785.809570 -1577.862915 -335.481232	-0.740 0.305 -0.188
item_ammo_smg1_ttt	-766.238098 -1578.577515 -335.451385	0.021 -6.703 -0.092
item_ammo_smg1_ttt	-743.138000 -1577.887207 -335.490997	-0.151 -0.191 0.473
item_ammo_smg1_ttt	-89.326637 -1790.173706 -271.045288	0.204 -0.000 0.022
item_ammo_smg1_ttt	-71.790390 -1793.220947 -271.101288	0.464 -0.005 0.297
item_ammo_smg1_ttt	358.684845 -932.869629 -223.603210	0.136 -0.005 0.079
item_ammo_smg1_ttt	358.326721 -897.710083 -223.472382	0.471 0.222 0.401
item_ammo_smg1_ttt	-1814.631226 -1417.633789 -327.579834	-0.424 0.004 0.273
item_ammo_smg1_ttt	-1816.034912 -1388.006592 -327.497650	1.006 -0.066 -0.254
item_ammo_smg1_ttt	-986.160522 152.194031 -293.908966	-11.084 -4.702 8.279
item_ammo_smg1_ttt	-982.568481 122.259811 -299.077850	0.151 -0.305 13.960
item_ammo_smg1_ttt	1806.130981 914.273315 -303.441406	8.699 0.961 -2.460
item_ammo_smg1_ttt	1806.066650 942.453613 -304.643402	7.529 0.554 -1.758
item_ammo_smg1_ttt	263.563721 610.821289 -134.852646	-0.040 -0.045 -0.010
item_ammo_smg1_ttt	335.763245 -710.911072 -365.519318	-0.090 -0.002 -0.174
item_ammo_smg1_ttt	335.504883 -687.135437 -365.472443	-0.203 0.016 -0.172
item_ammo_smg1_ttt	97.355301 -156.952942 -365.495483	-0.944 0.055 -0.227
item_ammo_smg1_ttt	68.697739 -160.082901 -365.521454	0.506 -0.001 0.217
item_ammo_smg1_ttt	43.168159 -164.106644 -365.523071	0.552 -0.083 0.247
item_ammo_smg1_ttt	2230.084229 -1654.010254 -335.531799	-0.359 0.052 -0.073
item_ammo_smg1_ttt	2215.706543 -1653.905518 -335.485596	-1.096 0.051 -0.537
item_ammo_smg1_ttt	2202.746338 -1653.837769 -335.493347	-0.998 0.196 -0.278
item_ammo_smg1_ttt	2187.334473 -1653.837280 -335.490814	-0.953 0.196 -0.265
item_ammo_smg1_ttt	2170.848145 -1653.468750 -335.463898	-0.361 -0.802 -0.055
item_ammo_smg1_ttt	1575.558960 -178.614716 -159.556168	0.079 -0.913 0.031
item_ammo_smg1_ttt	1575.913208 -153.034470 -159.502472	-0.205 0.901 0.069
item_ammo_smg1_ttt	1574.909912 -128.319595 -159.436737	-0.000 -0.207 -0.000
item_ammo_smg1_ttt	1575.310669 -104.422394 -159.468246	0.334 -1.821 -0.007
item_ammo_smg1_ttt	1613.408569 -574.494751 -101.707474	-0.003 92.081 0.483
item_ammo_smg1_ttt	541.210022 1525.966309 -175.469025	0.125 -0.493 0.305
item_ammo_smg1_ttt	2089.575439 482.218079 -227.922775	-0.170 88.345 0.058
item_ammo_smg1_ttt	2128.420898 474.115723 -227.808624	0.093 0.046 -0.062
item_ammo_smg1_ttt	2054.182617 474.094696 -227.836792	0.431 0.036 -0.268
weapon_zm_molotov	502.632385 554.217102 -144.277496	-13.500 0.406 89.189
weapon_zm_molotov	-751.822571 126.453400 -155.340698	5.602 -6.858 -11.068
weapon_zm_molotov	-719.702576 130.039597 -128.253403	-71.660 41.512 89.933
weapon_zm_molotov	-754.061584 122.777496 -158.420502	28.919 -178.633 89.864
weapon_zm_molotov	-764.569580 131.310593 -108.401299	-2.942 0.065 -3.291
weapon_zm_molotov	-853.866882 -331.269592 -158.421005	9.696 -173.200 89.981
weapon_zm_molotov	-874.536621 -331.703094 -155.276794	-4.251 0.946 0.849
weapon_zm_molotov	-856.832825 -333.644501 -158.189606	-78.469 26.991 90.424
weapon_zm_molotov	-418.705505 -89.421204 -158.389999	-46.037 -103.606 89.976
weapon_zm_molotov	-430.953491 -102.650497 -125.436699	3.407 -0.125 -3.514
weapon_zm_molotov	-288.272491 -122.186897 -125.399300	2.373 -0.124 -2.440
weapon_zm_molotov	-264.398987 -119.158203 -125.470901	0.840 0.011 -0.601
weapon_zm_molotov	-909.856873 537.476379 -158.307800	-83.485 5.262 90.089
weapon_zm_molotov	2143.701904 -132.112396 -125.425797	3.584 -0.106 -3.705
weapon_zm_molotov	2178.802734 -21.155800 -125.442596	1.646 0.008 -1.500
weapon_zm_molotov	573.941162 1353.912842 -273.619293	17.138 -63.350 -96.200
weapon_zm_molotov	574.248352 1383.730957 -273.615265	17.138 -63.350 -96.200
weapon_zm_molotov	611.476929 1375.795654 -277.526001	17.138 -63.349 -96.200
ttt_playerspawn	-1203.762085 -981.821655 -325.218781	4.324 -0.010 0.908
ttt_playerspawn	-1199.693237 -698.585510 -327.395233	0.169 0.351 -0.002
ttt_playerspawn	-1210.990601 -406.833496 -322.250793	1.520 -1.146 -1.401
ttt_playerspawn	-1208.166382 -88.108292 -323.751770	6.180 -4.053 1.645
ttt_playerspawn	-1219.595825 280.483154 -330.174438	1.670 1.992 -4.011
ttt_playerspawn	-883.935547 232.641678 -159.505219	0.006 0.000 -0.006
ttt_playerspawn	-776.284058 732.818054 -159.545593	-0.010 -0.000 0.010
ttt_playerspawn	-824.580200 564.863037 -159.508896	-0.004 -0.000 0.004
ttt_playerspawn	-805.589111 487.230835 -159.525909	-0.009 0.000 0.009
ttt_playerspawn	95.293373 297.336090 -159.446274	-0.073 -88.219 -0.010
ttt_playerspawn	629.905396 -136.683289 -159.556168	-0.011 -0.000 0.011
ttt_playerspawn	629.896790 -279.993317 -159.466873	0.045 0.100 0.257
ttt_playerspawn	1100.864624 127.994171 -159.471695	-0.005 0.000 0.005
ttt_playerspawn	1052.680664 -152.247879 -159.498932	-0.006 0.000 0.006
ttt_playerspawn	1228.295898 543.349060 -159.541458	-0.009 -0.000 0.009
ttt_playerspawn	620.119446 970.675232 -159.486755	0.006 0.000 -0.006
ttt_playerspawn	-87.120003 102.033081 -159.537231	-0.005 -0.000 0.005
ttt_playerspawn	-355.636108 -140.003983 -159.434662	0.110 105.404 0.001
ttt_playerspawn	104.619194 -626.144897 -159.421738	0.069 99.769 0.001
ttt_playerspawn	-616.674805 -791.166382 -333.363403	-0.084 -0.118 0.141
ttt_playerspawn	670.421875 -497.650330 -159.459503	0.003 0.021 0.052
ttt_playerspawn	721.074707 -903.376160 -159.501175	0.040 -0.000 0.040
ttt_playerspawn	429.086029 -1427.570190 -279.505676	0.025 -0.000 -0.032
ttt_playerspawn	332.331726 -1878.448364 -335.525146	0.040 -0.000 -0.040
ttt_playerspawn	-1122.746582 -1639.613281 -335.442413	0.001 1.955 0.135
ttt_playerspawn	-1141.868530 -1863.296021 -335.461884	0.006 0.075 -0.111
ttt_playerspawn	-1415.639160 -1411.499878 -327.479919	0.028 0.000 -0.028
ttt_playerspawn	-124.954903 -1080.897095 -223.444580	0.145 0.083 -0.004
ttt_playerspawn	-197.279236 -510.149811 -159.558701	-0.011 -0.000 0.011
ttt_playerspawn	225.660492 44.639595 -159.518127	-0.006 -0.000 0.006
ttt_playerspawn	1940.744751 -147.428589 -159.555969	0.011 -0.000 -0.011
ttt_playerspawn	1446.872192 -82.399239 -365.480591	0.019 -84.938 0.128
ttt_playerspawn	1402.305786 -549.580688 -365.453552	0.085 10.680 -0.013
ttt_playerspawn	1246.616943 -895.595825 -159.424606	0.086 -174.128 -0.008
ttt_playerspawn	-465.018707 1047.894287 -159.502304	0.145 1.581 0.029
ttt_playerspawn	-831.938477 -58.524841 -159.496719	-0.010 -0.000 0.010
item_box_buckshot_ttt	211.214096 -1956.871216 -209.620407	0.147 0.004 -0.068
item_box_buckshot_ttt	1602.157471 -656.466919 -101.766403	0.304 143.208 0.082
item_box_buckshot_ttt	1608.638550 -654.409180 -79.394798	-0.534 87.185 -0.005
item_box_buckshot_ttt	761.903503 -110.781303 -127.600800	0.551 -0.108 0.017
item_box_buckshot_ttt	763.326721 -122.262604 -127.632103	-0.770 0.004 -0.568
item_box_buckshot_ttt	463.979492 524.614014 -159.503403	-0.080 -80.288 0.254
item_box_buckshot_ttt	479.448486 525.457092 -159.609802	-0.211 -88.437 -0.185
item_box_buckshot_ttt	491.480591 525.225098 -159.604797	-0.159 -84.643 0.161
item_box_buckshot_ttt	278.747803 -1404.694580 -279.543091	1.696 -0.044 -0.588
item_box_buckshot_ttt	277.898712 -1392.661987 -279.536713	-0.384 -0.006 0.343
item_box_buckshot_ttt	1425.251709 22.949699 -129.564896	-0.605 -0.007 0.539
item_box_buckshot_ttt	1013.309021 -1104.390259 -270.349915	12.335 -0.137 -0.755
item_box_buckshot_ttt	1015.908997 -1092.548218 -269.912292	14.619 9.812 13.819
item_box_buckshot_ttt	2237.111816 -96.788101 -159.549698	-0.484 -0.006 0.430
item_box_buckshot_ttt	2237.067383 -39.923698 -159.522293	1.133 -0.119 -0.466
item_box_buckshot_ttt	2263.473633 -198.213303 -159.497696	1.059 -5.858 -0.661
item_box_buckshot_ttt	1719.148071 -128.487473 -159.600052	-0.886 -0.015 0.787
item_box_buckshot_ttt	1720.763794 -143.064621 -159.605392	-0.949 -0.003 0.841
item_box_buckshot_ttt	1720.599976 -157.405624 -159.591599	-0.811 -0.005 0.721
item_box_buckshot_ttt	1718.572998 -172.026108 -159.627945	0.762 -0.122 -0.527
item_box_buckshot_ttt	47.653980 -1146.494385 -223.535904	1.358 -0.048 -0.424
item_box_buckshot_ttt	27.624609 -1146.430420 -223.542664	1.400 -0.004 -0.373
item_box_buckshot_ttt	11.228635 -1146.494507 -223.523941	0.802 -0.753 -0.154
item_box_buckshot_ttt	-10.088134 -1146.425415 -223.561325	1.782 -0.118 -0.430
item_box_buckshot_ttt	-25.095804 -1146.423950 -223.542938	1.337 -0.118 -0.322
item_box_buckshot_ttt	-41.989548 -1146.487793 -223.544220	1.059 -0.022 -0.413
item_box_buckshot_ttt	291.671661 -406.916901 -159.616669	-0.620 -0.005 0.588
item_box_buckshot_ttt	308.687866 -407.109406 -159.559875	-0.563 -0.006 0.500
item_box_buckshot_ttt	323.067444 -405.500977 -159.595520	0.503 -0.038 0.164
item_box_buckshot_ttt	1576.657104 -357.282410 -159.544830	1.400 -0.073 -0.346
item_box_buckshot_ttt	1588.867432 -357.386719 -159.544220	1.044 -0.066 -0.278
item_box_buckshot_ttt	1600.443115 -357.232025 -159.550095	1.623 -0.214 -0.449
item_box_buckshot_ttt	1615.301880 -357.361694 -159.520798	0.637 -0.061 -0.165
item_box_buckshot_ttt	554.847534 682.549744 -159.576752	0.969 -0.007 -0.377
item_box_buckshot_ttt	565.538086 682.580078 -159.563751	1.067 -0.092 -0.322
item_box_buckshot_ttt	515.854553 664.092346 -159.580643	-0.459 0.046 -0.712
item_box_buckshot_ttt	515.940857 652.356750 -159.534134	0.418 -0.115 -0.307
item_box_buckshot_ttt	-1024.332275 -2170.602539 -335.568878	-0.396 -0.040 0.703
item_box_buckshot_ttt	-1035.877197 -2170.474365 -335.545959	1.431 -0.087 -0.356
item_box_buckshot_ttt	-1047.294678 -2170.568848 -335.555237	0.845 -0.503 0.025
item_box_buckshot_ttt	-1060.731812 -2170.516357 -335.558228	1.386 -0.161 -0.342
item_box_buckshot_ttt	-1074.557373 -2170.505859 -335.568909	1.071 -0.080 -0.324
item_box_buckshot_ttt	-1088.404175 -2170.441406 -335.545563	1.157 -0.062 -0.287
item_box_buckshot_ttt	-1396.087524 259.424683 -296.659180	14.593 1.670 -6.452
item_box_buckshot_ttt	-1402.106445 279.855499 -297.200226	19.316 -14.756 -8.756
item_box_buckshot_ttt	-1399.377441 302.037140 -297.834625	17.236 15.426 12.670
item_box_buckshot_ttt	-1396.237427 317.123962 -296.019836	12.934 11.223 15.261
item_box_buckshot_ttt	-403.519653 1243.934570 -135.553940	-1.031 0.004 0.863
item_box_buckshot_ttt	297.378723 -119.397591 -327.597870	-0.870 -0.012 0.773
item_box_buckshot_ttt	767.363220 -762.500916 -357.511169	0.408 0.847 -0.029
item_box_buckshot_ttt	756.401306 -762.556274 -357.547363	-0.977 1.299 0.000
item_box_buckshot_ttt	744.822388 -762.504211 -357.509766	0.408 1.083 -0.060
item_box_buckshot_ttt	735.222595 -762.499023 -357.499084	0.228 0.794 -0.054
item_box_buckshot_ttt	725.094666 -762.493958 -357.498871	0.255 0.433 -0.097
item_box_buckshot_ttt	715.664063 -762.501282 -357.504730	0.315 0.940 -0.046
weapon_ttt_galil	1547.237061 62.117901 -159.179001	-1.563 13.443 87.094
weapon_ttt_galil	-535.158081 365.001434 -128.875504	0.931 -12.937 -87.368
weapon_ttt_galil	-583.513000 363.662201 -128.861176	0.888 -12.940 -87.469
weapon_ttt_galil	876.415100 871.225525 -158.825653	0.800 -1.314 -87.730
weapon_ttt_galil	-63.947849 -1775.784668 -270.390015	0.937 -12.933 -87.437
weapon_ttt_galil	379.875488 -852.881897 -223.203354	-1.465 21.981 86.993
weapon_ttt_p90	2144.586670 -47.718254 -128.695343	0.660 1.221 -87.568
weapon_ttt_p90	2147.023438 -66.482933 -128.695847	0.660 1.223 -87.556
weapon_ttt_p90	-56.322151 -723.973450 -238.133209	0.663 1.219 -87.611
weapon_ttt_p90	-349.351074 -857.870972 -262.205933	1.430 -7.984 89.823
weapon_ttt_p90	-358.671875 -32.557163 -128.718994	0.658 1.224 -87.529
weapon_ttt_p90	1419.941528 -81.013710 -158.694626	-0.065 1.374 -87.748
weapon_ttt_p90	1456.123657 -77.033180 -158.503479	0.109 -3.418 -89.227
weapon_ttt_p90	1336.217896 -438.083252 -100.772026	-0.556 24.608 -88.461
weapon_ttt_p90	294.954865 5.203894 -158.695221	-0.054 1.374 -87.740
weapon_ttt_p90	260.524200 4.397684 -158.459259	-0.414 0.507 -89.223
weapon_ttt_p90	-918.723694 -1587.794922 -334.461700	-0.050 1.006 -89.357
weapon_ttt_p90	-891.159790 -1585.179443 -334.375092	-0.616 8.741 -90.083
weapon_ttt_p90	-864.960022 -1581.127197 -334.694885	0.314 -2.387 -87.917
weapon_ttt_p90	-1806.922607 -1444.399536 -326.540833	0.093 1.612 -88.569
weapon_ttt_p90	336.861969 -725.522583 -360.588409	18.896 5.149 90.557
weapon_ttt_famas	1173.135742 -819.133728 -158.816574	-0.000 -19.447 -88.692
weapon_ttt_famas	-428.156891 374.013184 -128.851593	0.030 15.424 89.760
weapon_ttt_famas	-481.830292 368.502472 -128.847656	0.026 15.425 89.788
weapon_ttt_famas	2195.625977 -83.269211 -128.823669	0.025 15.406 89.801
weapon_ttt_famas	2194.536377 -109.408936 -128.795059	0.000 15.457 90.000
weapon_ttt_famas	408.697510 18.780315 -158.817062	0.000 16.871 90.000
weapon_ttt_famas	2153.680176 -1638.066284 -334.985992	0.000 24.349 88.918
ttt_random_ammo	1611.724976 315.598907 -129.630905	0.089 -0.000 -0.044
ttt_random_ammo	1605.451172 288.930695 -129.653198	0.049 -0.000 0.017
ttt_random_ammo	1894.674927 217.380905 -159.539505	-1.026 -0.027 1.236
ttt_random_ammo	1927.830811 192.076599 -159.650299	-0.049 -0.000 -0.014
ttt_random_ammo	1738.764160 -130.431747 -134.913116	-0.032 -0.460 0.036
ttt_random_ammo	2335.403564 -372.886688 -157.286804	-0.033 64.045 -90.348
ttt_random_ammo	2294.789551 -374.408112 -159.568100	1.196 0.029 1.431
ttt_random_ammo	2326.077148 53.156898 -159.640503	0.060 0.000 0.005
ttt_random_ammo	2305.546387 93.341301 -159.667297	0.045 0.000 -0.027
ttt_random_ammo	177.459793 -126.868103 -159.633408	-0.054 0.068 0.200
ttt_random_ammo	154.303497 -119.735901 -159.608597	0.514 0.004 0.572
ttt_random_ammo	129.266098 -145.113098 -159.625504	0.117 0.000 0.081
ttt_random_ammo	164.275696 -151.855499 -110.731201	0.120 0.000 0.087
ttt_random_ammo	131.954102 -178.072601 -110.768204	0.044 0.000 -0.026
ttt_random_ammo	-145.836197 -710.864685 -279.640503	0.063 0.000 0.006
ttt_random_ammo	-105.817299 -714.440002 -279.627289	0.110 0.000 0.070
ttt_random_ammo	-245.137405 -714.496277 -279.623810	0.135 0.000 0.102
ttt_random_ammo	-243.283707 -873.291992 -279.620605	0.170 0.001 0.146
ttt_random_ammo	-304.883087 -607.782471 -175.613007	-0.142 -0.120 -0.021
ttt_random_ammo	-321.212189 -610.522583 -175.640503	0.063 0.000 0.006
ttt_random_ammo	-1432.986694 -1451.838745 -287.064606	0.048 0.000 -0.016
ttt_random_ammo	-1442.905151 -1463.217163 -287.087708	0.046 0.000 -0.032
ttt_random_ammo	-1544.553711 -1543.457397 -327.579315	1.612 0.037 1.954
ttt_random_ammo	-1528.254150 -1560.448608 -327.634613	0.076 0.000 0.025
ttt_random_ammo	-1554.010376 -1569.529053 -327.638489	0.067 0.000 0.012
ttt_random_ammo	-1544.573242 -1601.461182 -327.644501	0.057 0.000 -0.003
ttt_random_ammo	-1512.577271 -1592.379639 -327.672089	0.046 0.000 -0.031
ttt_random_ammo	-1677.025024 -80.729103 -239.609802	0.479 0.003 0.528
ttt_random_ammo	-1651.460327 -57.309299 -239.682495	0.047 0.000 -0.035
ttt_random_ammo	-1670.423340 -412.972687 -239.646698	0.054 0.000 -0.008
ttt_random_ammo	-1647.560181 -401.110687 -239.556000	1.125 0.029 1.366
ttt_random_ammo	-1663.093018 -366.444000 -239.662399	0.047 0.000 -0.025
ttt_random_ammo	-1677.796265 -389.274689 -239.608704	0.541 0.004 0.604
ttt_random_ammo	80.173698 -1973.108643 -335.679199	-0.047 -0.000 -0.034
ttt_random_ammo	84.695198 -2003.145264 -335.648010	-0.053 -0.000 -0.011
ttt_random_ammo	79.982903 -2043.846924 -335.676514	-0.047 -0.000 -0.033
ttt_random_ammo	414.231995 -2156.882080 -335.618988	0.190 0.001 0.172
ttt_random_ammo	354.129700 -1677.321167 -297.644592	0.057 0.000 -0.003
ttt_random_ammo	355.512207 -1655.075684 -297.669586	0.046 0.000 -0.029
ttt_random_ammo	355.242615 -1631.141235 -297.634613	0.077 0.000 0.026
ttt_random_ammo	294.718811 -1344.882446 -279.657013	-0.048 -0.000 -0.021
ttt_random_ammo	296.736115 -1310.575928 -279.625488	-0.111 -0.000 0.071
ttt_random_ammo	1185.292358 -953.385620 -159.597900	0.137 0.144 0.238
ttt_random_ammo	1183.061035 -984.594177 -159.564697	-1.563 -0.035 1.867
ttt_random_ammo	1148.267578 -962.906372 -159.672195	0.045 0.000 -0.030
ttt_random_ammo	882.051575 -346.961914 -159.608398	0.203 0.306 0.570
ttt_random_ammo	1617.319092 637.168396 -159.560196	-1.639 -0.035 1.976
ttt_random_ammo	1612.295776 664.481201 -159.605499	0.063 3.306 -0.998
ttt_random_ammo	1623.360840 695.095215 -159.656998	-0.046 -0.000 -0.021
ttt_random_ammo	1659.835083 770.053589 -159.654694	-0.047 -0.000 -0.019
ttt_random_ammo	1521.770752 1039.607178 -159.573807	0.020 -0.175 -0.068
ttt_random_ammo	1533.449219 1023.353027 -159.614594	0.267 0.001 0.269
ttt_random_ammo	-385.151886 590.493530 -131.057404	1.656 -15.107 2.036
ttt_random_ammo	-1459.547974 -2003.039185 -335.648010	-0.053 -0.000 -0.011
ttt_random_ammo	-1480.205078 -1991.202148 -335.657013	-0.048 -0.000 -0.021
ttt_random_ammo	-1456.824707 -1983.717041 -335.648010	-0.053 -0.000 -0.011
ttt_random_ammo	-728.093018 -2158.358154 -335.625488	-0.111 -0.000 0.071
ttt_random_ammo	-965.441772 -1596.863281 -335.610199	-0.284 -0.001 0.288
ttt_random_ammo	-365.372498 -1738.425415 -335.585297	-1.267 -0.019 1.489
ttt_random_ammo	-358.242004 -1768.439087 -335.679199	-0.047 -0.000 -0.034
ttt_random_ammo	-353.575592 -1795.947144 -335.537109	-1.093 -0.028 1.327
ttt_random_ammo	-47.401402 -1737.483521 -335.674011	-0.047 -0.000 -0.032
ttt_random_ammo	-415.834564 1149.949951 -134.938171	0.027 -0.247 -0.728
ttt_random_ammo	1759.984131 -2050.783936 -297.620575	0.170 0.001 0.146
ttt_random_ammo	1759.773438 -2027.831421 -297.623901	0.135 -0.000 -0.102
ttt_random_ammo	1759.042847 -2006.033447 -297.627319	0.110 -0.000 -0.070
ttt_random_ammo	864.503540 -691.283142 -327.636505	0.072 -0.000 -0.019
ttt_random_ammo	864.782593 -653.531860 -327.640442	0.063 -0.000 -0.006
ttt_random_ammo	861.479797 -673.045959 -327.609283	0.548 -0.004 -0.612
ttt_random_ammo	2022.983032 -1217.474487 -335.614655	0.278 0.001 0.280
ttt_random_ammo	1863.507324 -1296.414673 -335.627319	0.110 -0.000 -0.070
ttt_random_ammo	1867.027954 -1257.340332 -335.629028	0.100 0.000 0.057
ttt_random_ammo	2038.409180 83.866486 -391.038147	0.118 0.000 0.082
ttt_random_ammo	1824.984741 1465.829102 -272.921783	-6.573 -7.969 111.529
ttt_random_ammo	300.159180 -141.921616 -327.630829	0.091 0.000 0.045
ttt_random_ammo	295.546661 -95.869408 -327.617493	0.216 0.001 0.204
ttt_random_ammo	1209.352295 -260.449493 -341.587555	0.052 0.000 -0.005
ttt_random_ammo	1158.310059 -267.202026 -341.573029	0.708 0.004 0.618
ttt_random_ammo	174.643311 -274.337891 -365.519897	1.377 0.042 1.792
ttt_random_ammo	187.348190 -312.127197 -365.625519	0.121 0.000 0.085
ttt_random_ammo	128.109604 -355.611725 -365.629028	0.100 0.000 0.057
ttt_random_ammo	165.338409 -344.388245 -365.646667	0.055 0.000 -0.007
ttt_random_ammo	1610.851685 -453.637268 -365.553436	-0.115 0.387 0.509
ttt_random_ammo	1635.189697 -453.673737 -365.568085	0.208 0.680 0.155
ttt_random_ammo	1655.472168 -453.802094 -365.495239	-1.611 -0.703 1.858
ttt_random_ammo	1679.267578 -453.638031 -365.567322	-0.684 1.222 0.949
ttt_random_ammo	1706.605835 -453.683472 -365.510040	-0.325 0.204 0.414
ttt_random_ammo	1321.600952 -1766.016357 -238.619019	0.192 0.001 0.174
ttt_random_ammo	1321.983521 -1788.189575 -238.623825	0.135 0.000 0.102
ttt_random_ammo	1322.107422 -1801.787720 -238.616058	0.245 0.001 0.240
ttt_random_ammo	1321.945923 -1819.239624 -238.630844	0.091 0.000 0.045
ttt_random_ammo	1691.323975 1507.219727 -185.255157	-6.447 -0.582 7.526
ttt_random_ammo	1754.894287 1512.000488 -181.518127	-0.971 -0.545 1.606
ttt_random_ammo	-243.365585 -1820.706299 -316.350708	0.046 0.000 -0.028
ttt_random_ammo	-234.976959 -1854.617798 -316.346039	0.046 0.000 -0.025
ttt_random_ammo	-290.553528 -1834.202026 -316.301086	0.246 0.001 0.242
ttt_random_ammo	-288.148987 -1868.287354 -316.363068	0.047 0.000 -0.034
ttt_random_ammo	-218.447464 -1892.711792 -316.247253	-0.685 -0.439 -1.808
ttt_random_ammo	-275.136597 -1905.706299 -316.226746	0.827 -0.038 0.302
weapon_zm_rifle	-1573.038818 -36.998100 -238.608795	3.490 -10.035 65.509
weapon_zm_rifle	1195.538818 -1064.777222 -28.241199	3.286 123.146 64.713
weapon_zm_rifle	750.391724 -1545.095581 -73.710197	4.195 1.657 89.375
weapon_zm_rifle	-1394.872925 570.187988 -334.746399	0.243 109.447 -89.097
weapon_zm_rifle	-755.874573 1202.284668 -284.018188	1.161 -123.774 -87.638
weapon_zm_rifle	-828.538025 -330.661499 -158.678497	6.502 1.734 -0.643
weapon_zm_mac10	-1309.758667 -2092.048096 -334.656189	0.064 -123.905 -88.500
weapon_zm_mac10	-465.110413 -1032.140015 -238.686707	0.073 -40.737 -88.868
weapon_zm_mac10	1612.502563 827.632874 -158.762207	-0.149 -105.977 -88.759
weapon_zm_mac10	1409.610840 410.861908 -158.720306	-0.112 117.299 -87.194
weapon_zm_mac10	1509.226196 -638.981689 -158.807907	-0.322 -58.157 -87.616
weapon_zm_mac10	522.169189 8.335100 -155.996704	12.256 -34.529 -74.249
weapon_zm_mac10	-854.944519 -333.624390 -151.189606	36.266 2.897 -24.577
weapon_zm_mac10	-258.344208 590.908386 -151.381607	35.165 -108.100 -26.680
weapon_zm_mac10	285.854858 610.422424 -134.128632	-0.153 -45.268 -87.873
weapon_zm_pistol	-203.808807 -1811.815796 -209.638794	0.420 36.654 89.151
weapon_zm_pistol	1919.606445 -533.389221 -147.135101	1.199 0.302 88.347
weapon_zm_pistol	1930.129395 236.480896 -147.143997	-0.524 -117.985 91.771
weapon_zm_pistol	1332.700928 -641.154175 -158.527893	-0.138 -55.007 -90.614
weapon_zm_pistol	-819.919983 380.968292 -366.453491	-0.267 -40.764 -90.809
weapon_zm_pistol	-744.220215 -332.320709 -158.532700	0.003 -27.113 -87.478
weapon_zm_pistol	-827.862122 -335.665894 -155.920105	36.216 0.573 1.401
weapon_ttt_p228	1060.042358 -583.286255 -159.846283	36.411 0.472 0.306
weapon_ttt_p228	1061.917847 -591.083191 -159.847229	36.416 0.474 0.311
weapon_ttt_p228	1060.336670 -599.457153 -159.844437	36.402 0.466 0.297
weapon_ttt_p228	-629.178467 -23.640135 -159.843536	36.397 0.464 0.293
weapon_ttt_p228	-629.513184 -14.676568 -159.846283	36.411 0.472 0.306
weapon_ttt_p228	-629.363647 -6.997831 -159.844437	36.402 0.466 0.297
item_ammo_pistol_ttt	199.634796 -1911.048340 -209.631195	-0.114 -0.020 -0.034
item_ammo_pistol_ttt	1485.475220 -107.580200 -153.502701	-0.125 -0.020 -0.030
item_ammo_pistol_ttt	1481.955078 -662.112122 -127.515900	0.340 -0.998 -0.109
item_ammo_pistol_ttt	1490.319580 -661.989807 -127.526100	0.814 1.926 -0.010
item_ammo_pistol_ttt	1599.804688 -646.119202 -153.400497	0.891 6.826 -0.001
item_ammo_pistol_ttt	1585.303833 -652.254211 -153.432404	1.541 4.480 -0.003
item_ammo_pistol_ttt	1424.537842 -655.146118 -127.440300	0.000 43.675 0.040
item_ammo_pistol_ttt	1406.305542 -656.198608 -124.657402	89.474 138.267 -114.273
item_ammo_pistol_ttt	465.402802 582.238220 -159.534302	0.042 -88.633 -0.229
item_ammo_pistol_ttt	476.420898 582.327820 -148.037506	-0.195 -90.001 -0.250
item_ammo_pistol_ttt	448.908295 545.650391 -156.703903	88.898 -177.494 -176.665
item_ammo_pistol_ttt	487.207397 582.869812 -148.497803	-0.152 -89.188 179.868
item_ammo_pistol_ttt	281.273102 -1510.563354 -215.115601	-0.256 0.123 -0.061
item_ammo_pistol_ttt	280.884003 -1491.934326 -215.169205	-0.354 -0.031 -0.147
item_ammo_pistol_ttt	277.857788 -1471.699829 -215.096695	-0.064 -0.020 -0.017
item_ammo_pistol_ttt	1492.865967 -175.814499 -127.502701	1.571 52.594 -0.063
item_ammo_pistol_ttt	1311.496826 33.000301 -129.637207	-0.119 -0.019 -0.036
item_ammo_pistol_ttt	1020.774902 -1133.920776 -230.856003	-0.072 -0.020 -0.020
item_ammo_pistol_ttt	-808.104187 -456.982513 -332.115387	-78.475 -8.916 11.343
item_ammo_pistol_ttt	-802.749329 -456.442505 -333.237091	-19.715 1.440 1.330
item_ammo_pistol_ttt	-865.414185 -332.089294 -146.627808	-0.281 -90.075 -166.297
item_ammo_pistol_ttt	-871.554993 -332.704102 -135.803406	-0.185 -89.659 14.089
item_ammo_pistol_ttt	-843.668396 -332.308289 -137.258102	1.639 -88.488 98.302
item_ammo_pistol_ttt	-752.063416 -317.254913 -156.650894	89.423 -171.215 -180.000
item_ammo_pistol_ttt	-862.883789 -332.651001 -145.518600	0.342 89.945 -13.572
item_ammo_pistol_ttt	2237.424561 -149.063904 -159.633194	-0.115 -0.019 -0.035
item_ammo_pistol_ttt	2211.302979 -374.803619 -159.565216	-0.321 0.636 -0.520
item_ammo_pistol_ttt	2191.241455 -374.770813 -159.564072	0.003 0.642 -0.276
item_ammo_pistol_ttt	2171.534180 -374.788086 -159.556427	-0.302 0.566 -0.457
item_ammo_pistol_ttt	2153.699463 -374.785980 -159.558029	-0.399 0.508 -0.498
item_ammo_pistol_ttt	1063.933350 -726.773376 -159.564362	-0.523 0.266 -0.577
item_ammo_pistol_ttt	1064.502075 -706.307007 -159.619949	-0.104 -0.019 -0.031
item_ammo_pistol_ttt	-635.865845 -103.792458 -159.618164	-0.102 -0.019 -0.031
item_ammo_pistol_ttt	-636.825562 -81.716377 -159.621750	-0.105 -0.019 -0.032
item_ammo_pistol_ttt	-636.711304 -59.094078 -159.548569	0.574 0.006 0.053
item_ammo_pistol_ttt	1211.437744 -73.623337 -159.567551	-0.113 0.137 -0.414
item_ammo_pistol_ttt	1223.696289 -73.632439 -159.523361	0.342 -0.025 0.033
item_ammo_pistol_ttt	1233.645874 -73.619728 -159.564362	-0.645 0.124 -0.619
item_ammo_pistol_ttt	1244.096191 -73.625969 -159.566895	-0.481 0.145 -0.583
item_ammo_pistol_ttt	-862.281616 -2166.650635 -335.549194	-0.612 0.214 -0.499
item_ammo_pistol_ttt	-880.573975 -2166.599854 -335.602631	-0.276 0.034 -0.306
item_ammo_pistol_ttt	-900.969604 -2166.773438 -335.528870	-0.817 0.195 -0.396
item_ammo_pistol_ttt	-914.343811 -2166.660889 -335.554749	-0.184 0.131 -0.215
item_ammo_pistol_ttt	-929.025452 -2166.836182 -335.540588	-0.927 0.333 -0.492
item_ammo_pistol_ttt	-1400.661987 139.016434 -294.631531	11.406 -1.708 8.935
item_ammo_pistol_ttt	-1384.898926 137.118469 -294.990936	76.542 134.660 135.477
item_ammo_pistol_ttt	-1401.342407 37.886593 -289.563171	9.194 0.862 -1.609
item_ammo_pistol_ttt	-1385.932251 41.650761 -292.040680	8.829 2.769 -7.569
item_ammo_pistol_ttt	854.823608 -267.322754 -327.614655	-0.099 -0.020 -0.030
item_ammo_pistol_ttt	870.999329 -267.403168 -327.569122	-0.059 -0.020 -0.018
item_ammo_pistol_ttt	854.826599 -323.396210 -327.619934	-0.104 -0.020 -0.031
item_ammo_pistol_ttt	873.543091 -323.700806 -327.639282	-0.121 -0.019 -0.037
item_ammo_pistol_ttt	-76.268799 873.351013 -159.581818	-0.312 0.102 -0.446
item_ammo_pistol_ttt	-83.526360 873.268921 -159.547043	-0.235 0.235 -0.374
item_ammo_pistol_ttt	-90.583443 873.286682 -159.559265	0.034 0.148 -0.366
item_ammo_pistol_ttt	-98.130333 873.239441 -159.562134	-0.520 0.263 -0.549
item_ammo_pistol_ttt	1499.783203 -2025.676025 -238.543213	-0.784 0.343 -0.019
item_ammo_pistol_ttt	1499.674927 -2048.078369 -238.530212	-0.672 0.144 -0.362
item_ammo_pistol_ttt	1485.680176 -286.140320 -365.509705	0.000 19.397 -0.044
item_ammo_pistol_ttt	1489.641113 -304.622772 -365.501892	0.006 2.592 0.006
item_ammo_pistol_ttt	1467.460205 -287.362610 -365.544983	0.383 1.965 0.160
item_ammo_pistol_ttt	1464.805908 -311.712006 -365.555664	1.108 -4.715 -0.005
item_ammo_pistol_ttt	606.841797 -33.582489 -365.562469	-0.664 0.155 -0.602
item_ammo_pistol_ttt	614.458435 -33.622990 -365.542419	-0.571 0.135 -0.441
item_ammo_pistol_ttt	621.029663 -33.695595 -365.576416	0.744 0.204 -0.248
item_ammo_pistol_ttt	632.074829 -33.710464 -365.541504	1.377 0.204 0.184
item_ammo_pistol_ttt	643.644958 -33.593300 -365.558929	-0.574 0.120 -0.538
item_ammo_pistol_ttt	1571.339233 -276.879639 -159.647980	-0.136 -0.569 -0.093
item_ammo_pistol_ttt	1571.228760 -254.173538 -159.556610	0.896 -0.246 0.070
item_ammo_pistol_ttt	1571.242676 -231.498016 -159.557541	-0.288 0.085 -0.459
item_ammo_pistol_ttt	1571.278687 -205.553650 -159.537064	0.276 -0.093 -0.143
item_ammo_pistol_ttt	1779.013428 457.377197 -159.526108	-0.306 0.323 -0.239
item_ammo_pistol_ttt	763.307007 1046.379761 -159.564682	1.004 -0.106 -0.088
item_ammo_pistol_ttt	751.120789 1046.226074 -159.554642	-1.762 -0.679 -0.223
item_ammo_pistol_ttt	-73.422012 1107.866943 -135.870499	-0.113 -0.021 -0.024
item_ammo_pistol_ttt	-83.189026 1106.343506 -135.817719	0.823 0.158 -0.003
item_ammo_pistol_ttt	2296.981201 441.419678 -175.550751	-0.291 0.286 -0.410
item_ammo_pistol_ttt	2284.891357 441.313263 -175.573868	-0.377 0.256 -0.582
item_ammo_pistol_ttt	1911.407104 -1328.077026 -316.335907	-0.127 -0.019 -0.035
item_ammo_pistol_ttt	1909.674438 -1281.373169 -316.335907	-0.127 -0.019 -0.035
item_ammo_pistol_ttt	1957.310669 -1330.526855 -316.286804	0.084 0.020 -0.023
item_ammo_pistol_ttt	1967.815796 -1285.667725 -316.291321	-0.088 -0.020 -0.025
item_ammo_pistol_ttt	1337.059326 -2246.741943 -238.536041	1.231 0.155 0.172
item_ammo_pistol_ttt	1328.487793 -2246.630615 -238.547211	-0.465 0.215 -0.435
item_ammo_pistol_ttt	528.710205 373.041199 -159.524933	0.502 -92.668 0.009
item_ammo_pistol_ttt	1538.030518 872.069458 -159.540268	-0.787 88.903 -0.001
item_ammo_pistol_ttt	1538.488281 879.061707 -159.531448	1.821 86.688 -0.393
item_ammo_pistol_ttt	623.462891 -402.847626 -327.639282	-0.121 -0.019 -0.037
item_ammo_pistol_ttt	542.195923 -402.381470 -327.540466	0.739 -0.451 -0.016
item_ammo_pistol_ttt	95.646622 -234.632858 -241.111404	0.132 0.019 -0.040
item_ammo_pistol_ttt	106.251244 -277.708191 -241.104706	-0.126 -0.019 -0.038
item_ammo_pistol_ttt	56.795929 -254.272614 -240.990692	0.406 -13.861 0.133
item_ammo_pistol_ttt	71.462326 -308.528503 -241.053482	-0.081 -0.020 -0.025
item_ammo_pistol_ttt	-384.222015 -719.589539 -263.000824	0.178 0.152 -5.195
item_ammo_pistol_ttt	-316.344971 -719.079041 -262.996490	-0.494 0.174 -5.323
item_ammo_pistol_ttt	-908.125977 -1222.666992 -239.531631	-0.232 0.113 -0.271
item_ammo_pistol_ttt	-896.471069 -1222.764160 -239.539764	-0.909 0.191 -0.476
item_ammo_pistol_ttt	538.179932 1097.359985 -175.559692	-0.477 0.134 -0.524
item_ammo_pistol_ttt	-710.094360 -966.683167 -128.952454	-0.292 0.027 -0.363
item_ammo_pistol_ttt	-642.877747 -966.717285 -128.927200	-0.669 0.066 -0.547
item_ammo_pistol_ttt	1612.913818 -559.395569 -150.561295	-89.387 -98.324 -170.589
item_ammo_pistol_ttt	1613.905640 -547.218567 -150.527252	-89.402 -72.972 166.538
item_ammo_pistol_ttt	1619.394409 -584.080017 -153.442551	-0.074 -0.021 -0.018
item_ammo_pistol_ttt	1612.453857 -583.576538 -153.518997	-0.139 -0.019 -0.034
item_ammo_pistol_ttt	1615.658936 -557.450378 -101.839485	-0.118 -0.020 -0.028
item_ammo_pistol_ttt	1606.135376 -556.920837 -101.827507	0.107 0.021 -0.025
item_ammo_pistol_ttt	1620.438965 -592.930725 -101.843712	-0.121 -0.020 -0.029
item_ammo_pistol_ttt	1608.638306 -592.185669 -101.800514	-0.084 -0.021 -0.020
item_ammo_pistol_ttt	2290.895996 -1262.808594 -272.582611	-0.071 -0.020 -0.022
item_ammo_pistol_ttt	2288.942627 -1292.745361 -272.625427	-0.108 -0.019 -0.033
item_ammo_pistol_ttt	1343.967163 342.347076 -159.530975	0.509 -0.286 -0.028
item_ammo_pistol_ttt	1351.314941 342.364075 -159.570831	0.827 -0.118 -0.049
weapon_ttt_confgrenade	502.777893 608.195496 -143.926498	38.475 -176.057 99.512
weapon_ttt_confgrenade	-685.410583 -14.205200 -156.503006	2.384 0.214 -0.753
weapon_ttt_confgrenade	-691.662781 -11.530200 -156.454895	1.634 0.242 -0.516
weapon_ttt_confgrenade	-686.373413 -7.360600 -156.458099	1.684 0.244 -0.532
weapon_ttt_confgrenade	-698.423523 -11.200500 -156.461395	1.735 0.244 -0.548
weapon_ttt_confgrenade	-733.980286 -35.131699 -126.467300	1.557 0.254 1.295
weapon_ttt_m16	172.153503 -1904.685181 -208.819794	2.056 -49.184 84.717
weapon_ttt_m16	1136.390625 -1892.172607 -284.977631	-9.786 -96.135 -100.110
weapon_ttt_m16	1688.519653 451.975891 -156.773804	-7.681 -2.384 25.996
weapon_ttt_m16	-811.673828 -333.933807 -156.479797	-8.274 -0.034 6.743
weapon_ttt_m16	1788.178223 -2034.142944 -334.394501	-5.452 -95.139 24.632
item_ammo_357_ttt	-1785.887085 -1518.260010 -327.685211	0.447 0.073 0.062
item_ammo_357_ttt	1298.358643 -1047.580444 -175.540604	0.773 -143.178 -0.049
item_ammo_357_ttt	-1783.095581 -1271.515991 -327.619995	0.460 0.056 0.036
item_ammo_357_ttt	1445.257568 -666.410522 -79.466400	0.477 4.541 -0.085
item_ammo_357_ttt	1503.951172 -655.161987 -79.484200	0.920 21.547 0.420
item_ammo_357_ttt	488.881805 593.651978 -75.112602	0.345 12.277 0.125
item_ammo_357_ttt	487.453491 606.965271 -75.121002	0.411 19.015 -0.163
item_ammo_357_ttt	485.663910 622.841980 -75.090797	-0.148 26.992 -0.053
item_ammo_357_ttt	-1491.270264 -1548.418579 -327.532013	1.137 -0.924 -0.502
item_ammo_357_ttt	-1496.973511 -1270.369019 -327.552795	0.818 -0.293 -0.566
item_ammo_357_ttt	2236.335205 -236.193100 -159.643600	0.722 -0.096 0.006
weapon_zm_shotgun	-863.931824 117.435799 -365.620514	8.681 105.327 27.252
weapon_zm_shotgun	179.261902 -1969.364502 -208.725494	-0.348 80.307 84.130
weapon_zm_shotgun	1609.901489 410.647888 -159.018204	-0.329 -99.806 -84.258
weapon_zm_shotgun	1842.714600 -145.727295 -157.725800	8.593 -94.327 -28.895
weapon_zm_shotgun	-365.965607 -714.790222 -278.976288	-0.313 8.558 -83.964
weapon_zm_sledge	-1307.923340 -2096.690918 -307.272308	23.243 5.970 -25.559
weapon_zm_sledge	-1266.022339 -2141.309814 -296.749695	-1.323 -156.178 -129.660
weapon_zm_revolver	-1608.134644 -537.234985 -173.584000	2.486 -20.572 -84.192
weapon_zm_revolver	-1671.733521 -536.117126 -197.507904	2.559 -20.520 -83.496
weapon_zm_revolver	-843.264893 276.230194 -366.225586	1.816 174.137 85.598
weapon_zm_revolver	-318.653290 -1893.408569 -208.060394	2.734 -20.116 -83.781
weapon_zm_revolver	1382.362671 356.752289 -128.046204	2.250 83.844 -85.438
weapon_zm_revolver	1719.181396 -544.315125 -75.104401	2.383 -37.570 84.178
weapon_zm_revolver	1792.038818 -545.027588 -73.857201	2.416 -27.845 -86.030
weapon_zm_revolver	527.881775 40.098202 -134.338806	2.466 50.005 -83.518
weapon_zm_revolver	-345.807709 -869.178528 -278.115204	1.692 -23.336 -86.331
weapon_zm_revolver	-765.750427 -332.618286 -155.731796	24.908 -5.051 -35.511
weapon_zm_revolver	1510.713989 429.233582 -129.029312	2.067 -20.544 -85.679
weapon_zm_revolver	1547.569214 428.929291 -129.029465	1.937 -20.588 -85.905
weapon_zm_revolver	435.059143 -422.144867 -95.551170	1.756 -20.385 -85.964
weapon_zm_revolver	410.217590 -485.861298 -95.545723	1.883 -19.676 -85.487
weapon_zm_revolver	405.923859 -440.853668 -95.553123	1.908 -19.942 -85.858
weapon_zm_revolver	1246.882446 -221.461655 -159.160339	1.587 -30.265 -85.088
weapon_zm_revolver	1182.028809 -221.702988 -159.141876	3.116 -15.351 -83.790
weapon_zm_revolver	1432.937744 424.652924 -129.160156	2.344 -9.286 -84.782
weapon_zm_revolver	1473.468994 426.237854 -129.102737	2.305 -3.691 -85.256
weapon_zm_revolver	-708.026978 -2065.640381 -335.029419	1.979 -18.746 -85.831
weapon_zm_revolver	-708.187073 -2076.951416 -335.194092	3.102 -39.539 -83.208
weapon_zm_revolver	-708.077942 -2090.147949 -335.169678	2.684 -41.302 -84.223
weapon_zm_revolver	-708.081238 -2102.089600 -335.196167	3.156 -40.265 -83.167
weapon_zm_revolver	-1224.435791 359.437592 -328.372711	3.682 -19.704 -79.704
weapon_zm_revolver	-1207.037964 360.400177 -327.918030	2.034 -12.530 -81.802
weapon_zm_revolver	-1187.614746 360.318481 -326.369507	-3.775 -11.650 -86.419
weapon_zm_revolver	-433.015076 1152.040894 -134.434647	2.237 -20.222 -85.347
weapon_zm_revolver	1457.321899 -1764.673462 -238.029449	1.942 -18.776 -85.896
weapon_ttt_aug	888.770081 -59.904533 -158.582092	-0.818 -9.579 -82.454
weapon_ttt_aug	2189.732178 -158.905899 -129.482681	0.106 9.729 86.409
weapon_ttt_aug	2185.611328 -193.499802 -129.472656	0.099 9.731 86.463
weapon_ttt_aug	-1002.404419 168.681885 -294.371094	-13.362 2.297 -72.712
weapon_ttt_sg552	2139.775635 -264.551300 -129.979324	-2.816 0.125 -1.280
weapon_ttt_sg552	1149.202148 -79.593956 -158.955170	2.240 1.173 -84.725
weapon_ttt_sg552	1187.967163 -78.529572 -158.957153	2.281 1.159 -84.775
weapon_ttt_sg552	1225.495972 -223.042709 -158.955551	2.248 2.779 -84.734
weapon_ttt_sg552	1343.419678 -429.392487 -126.889702	2.274 63.474 -84.766
weapon_ttt_sg552	-810.129578 -2147.862549 -334.966095	2.467 2.597 -85.002
weapon_ttt_sg552	-1378.402344 57.376785 -295.165131	7.153 -14.610 -94.791
weapon_ttt_sg552	-1383.225464 95.996117 -301.422607	10.075 -1.793 -91.169
weapon_ttt_sg552	868.575928 -301.025604 -326.955505	1.425 -2.668 -83.732
weapon_ttt_sg552	-122.044701 864.446106 -159.055313	1.489 -3.071 -82.602
weapon_ttt_sg552	1465.253296 -2041.834839 -238.022812	1.484 -93.261 -82.880