# Trouble in Terrorist Town weapon/ammo placement overrides
# For map: dm_sonic_mario_land
# Exported by: General Butthurt
setting:	replacespawns 0
weapon_ttt_dual_elites	916.483093 -1487.787354 268.967896	2.010 0.163 -0.059
weapon_ttt_dual_elites	898.227905 -1486.230225 268.980042	1.991 0.160 -0.062
weapon_ttt_dual_elites	878.999817 -1486.099731 269.001312	1.957 0.155 -0.067
weapon_ttt_dual_elites	852.772400 -1487.496216 268.967896	2.010 0.163 -0.059
weapon_ttt_dual_elites	3295.290039 -679.195251 601.046143	1.887 0.149 -0.078
weapon_ttt_dual_elites	3303.180176 -699.972595 601.036011	1.903 0.150 -0.075
weapon_ttt_dual_elites	3309.607422 -721.172302 600.989380	1.976 0.157 -0.064
weapon_ttt_mp5	2605.564697 1215.467407 2335.092773	0.339 6.552 -87.313
weapon_ttt_mp5	2608.586426 1249.519409 2335.092529	0.341 6.557 -87.315
weapon_ttt_mp5	2313.509277 -2750.415283 276.482574	-7.308 1.214 -2.559
weapon_ttt_mp5	2307.403564 -2724.736816 276.507996	-7.599 1.037 -1.529
weapon_ttt_mp5	2304.152832 -2701.776123 276.448212	-7.462 0.916 -3.505
weapon_ttt_mp5	2947.594971 -2516.047363 461.493103	-7.429 1.250 -2.119
weapon_ttt_mp5	2946.454834 -2534.142334 461.498840	-7.496 1.081 -1.893
weapon_ttt_mp5	2944.767578 -2559.762451 461.494751	-7.449 1.268 -2.055
weapon_ttt_mp5	2948.069336 -2588.830811 463.094971	0.335 1.313 -87.392
weapon_ttt_mp5	2498.272217 -1855.317017 268.451691	-7.372 0.739 -1.870
weapon_ttt_mp5	2496.884033 -1835.645996 268.461578	-7.422 0.773 -1.768
weapon_ttt_mp5	2496.083008 -1810.646851 268.455475	-7.391 0.779 -1.831
weapon_ttt_mp5	1398.497070 -1264.359009 270.096344	0.208 1.542 -87.152
weapon_ttt_mp5	1383.886963 -1299.205933 270.090424	0.419 3.302 -87.412
weapon_ttt_mp5	1461.238647 -3239.103760 268.467834	-7.453 0.866 -1.703
weapon_ttt_mp5	1423.061279 -3235.274658 268.452667	-7.377 0.715 -1.860
weapon_ttt_mp5	1378.408325 -3228.183838 268.452667	-7.377 0.714 -1.860
item_ammo_revolver_ttt	2981.600830 1367.096558 2596.342529	0.452 0.062 0.051
item_ammo_revolver_ttt	2982.687500 1382.980957 2596.314697	0.447 0.073 0.062
item_ammo_revolver_ttt	2978.093994 1403.254150 2596.350098	0.454 0.062 0.048
item_ammo_revolver_ttt	2952.069824 1269.155029 2334.461670	0.462 0.198 0.015
item_ammo_revolver_ttt	2953.686035 1244.387695 2334.445801	0.363 -0.418 -0.261
item_ammo_revolver_ttt	2953.693604 1225.372803 2334.458252	0.159 -0.543 0.057
item_ammo_revolver_ttt	2953.496094 1257.653198 2334.466553	0.276 1.472 0.090
item_ammo_revolver_ttt	2595.670166 -3246.947754 277.428833	1.051 -0.422 -0.989
item_ammo_revolver_ttt	2586.323486 -3246.997314 277.441467	1.008 -0.279 -0.782
item_ammo_revolver_ttt	2575.764404 -3246.872070 277.445923	2.085 -0.237 -0.700
item_ammo_revolver_ttt	2561.912354 -3247.033936 277.460938	1.500 -0.337 -0.859
item_ammo_revolver_ttt	2551.028320 -3246.933838 277.431244	0.928 -0.319 -0.868
item_ammo_revolver_ttt	2535.924805 -3247.076172 277.443817	1.542 -0.244 -1.131
item_ammo_revolver_ttt	2521.234131 -3247.054443 277.423035	1.040 -0.291 -1.063
item_ammo_revolver_ttt	2700.084229 -2499.416016 462.471130	1.050 -0.662 -0.395
item_ammo_revolver_ttt	2715.350830 -2499.435791 462.447968	1.055 -0.271 -0.723
item_ammo_revolver_ttt	2730.606689 -2499.765869 462.457458	0.651 -1.183 -0.251
item_ammo_revolver_ttt	2749.212646 -2499.440430 462.439911	0.663 -0.285 -0.557
item_ammo_revolver_ttt	2762.221680 -2499.665771 462.392761	0.357 -2.698 0.405
item_ammo_revolver_ttt	2780.281250 -2499.419434 462.473663	1.480 -0.160 -0.666
item_ammo_revolver_ttt	2796.208008 -2499.344727 462.442108	1.674 -0.163 -0.835
item_ammo_revolver_ttt	2811.715088 -2499.489014 462.474030	1.592 -0.076 -0.740
item_ammo_revolver_ttt	2827.257813 -2499.376709 462.463593	1.509 -0.031 -0.774
item_ammo_revolver_ttt	3003.158203 -1441.379150 269.378235	-0.071 -0.127 0.480
item_ammo_revolver_ttt	3021.874756 -1441.534180 269.446594	1.119 -0.195 -0.789
item_ammo_revolver_ttt	3040.176758 -1441.526367 269.448059	1.065 -0.202 -0.730
item_ammo_revolver_ttt	3060.085938 -1441.517212 269.448456	1.041 -0.208 -0.707
item_ammo_revolver_ttt	3083.987549 -1441.501465 269.438538	1.277 -0.218 -1.015
item_ammo_revolver_ttt	3103.864014 -1441.498413 269.455231	0.849 -0.212 -0.476
item_ammo_revolver_ttt	3126.176025 -1441.487793 269.424683	0.693 -0.329 -0.793
item_ammo_revolver_ttt	1561.002197 -1213.988525 269.334564	0.451 0.065 0.054
item_ammo_revolver_ttt	1544.303467 -1214.113159 269.319427	0.448 0.073 0.060
item_ammo_revolver_ttt	1529.267944 -1214.522827 269.425934	0.469 0.054 0.018
item_ammo_revolver_ttt	1510.381470 -1214.897217 269.353607	0.455 0.060 0.047
item_ammo_revolver_ttt	1490.409668 -1215.292603 269.360443	0.456 0.058 0.044
item_ammo_revolver_ttt	1476.147705 -1215.575806 269.346313	0.453 0.062 0.049
item_ammo_revolver_ttt	1465.804810 -1215.780151 269.400482	0.464 0.055 0.028
item_ammo_revolver_ttt	1449.848267 -1216.095825 269.405548	0.465 0.054 0.026
item_ammo_revolver_ttt	1429.982422 -1216.705200 269.330383	0.450 0.068 0.056
item_ammo_revolver_ttt	3339.573975 -985.099365 601.392700	0.462 0.055 0.031
item_ammo_revolver_ttt	3330.907227 -1006.002136 601.360413	0.456 0.058 0.044
item_ammo_revolver_ttt	3320.417725 -1031.469727 601.350037	0.454 0.062 0.048
ttt_random_weapon	2894.126953 -779.966003 270.198669	1.890 4.927 -92.563
ttt_random_weapon	2888.236084 -814.893555 270.202271	1.850 4.928 -92.656
ttt_random_weapon	2882.019287 -846.334717 270.207520	1.791 4.928 -92.791
ttt_random_weapon	2877.936768 -889.170227 270.202271	1.850 4.928 -92.656
ttt_random_weapon	2825.330322 -892.161499 270.217194	1.681 4.924 -93.041
ttt_random_weapon	2822.435059 -853.849121 270.213745	1.720 4.926 -92.952
ttt_random_weapon	2820.204834 -825.708435 270.218109	1.671 4.924 -93.065
ttt_random_weapon	2819.025146 -792.158936 270.229614	1.541 4.915 -93.362
ttt_random_weapon	2757.500000 -785.507202 270.220703	1.642 4.922 -93.132
ttt_random_weapon	2758.907715 -813.995483 270.215271	1.703 4.926 -92.991
ttt_random_weapon	2761.492920 -850.977966 270.200165	1.874 4.930 -92.601
ttt_random_weapon	2763.523926 -880.047180 270.197937	1.899 4.927 -92.543
weapon_ttt_pump_shotgun	2779.724365 -3217.855225 278.502869	-0.519 -10.196 -89.861
weapon_ttt_pump_shotgun	2844.338867 -3218.118164 278.502930	-0.517 -10.195 -89.764
weapon_ttt_pump_shotgun	3346.994629 -1931.595093 270.497620	-0.486 -10.288 -89.810
weapon_ttt_pump_shotgun	3347.010986 -1951.098633 270.494415	-0.471 -10.293 -90.041
weapon_ttt_pump_shotgun	3341.793213 -1971.809326 270.496704	-0.482 -10.290 -89.876
weapon_ttt_pump_shotgun	3338.832031 -1989.292969 270.495056	-0.474 -10.292 -89.995
weapon_ttt_pump_shotgun	1285.085083 -1388.354858 270.489014	-0.430 -9.745 -89.568
weapon_ttt_pump_shotgun	1258.345703 -1409.071655 270.490051	-0.436 -9.744 -89.557
weapon_ttt_pump_shotgun	1230.549194 -1435.127319 270.495178	-0.465 -9.737 -89.498
item_ammo_smg1_ttt	3238.124268 -1841.861694 269.454559	0.075 0.292 -0.025
item_ammo_smg1_ttt	3238.615723 -2064.927979 269.428894	0.129 0.309 -0.094
item_ammo_smg1_ttt	-349.789032 -643.671753 269.400818	0.112 0.318 -0.039
item_ammo_smg1_ttt	-339.350281 -774.938354 269.462036	0.058 0.458 -0.024
item_ammo_smg1_ttt	3018.222168 1167.967529 2334.563232	0.000 3.230 0.000
item_ammo_smg1_ttt	2588.116943 1376.536011 2334.399414	-0.152 0.005 0.090
item_ammo_smg1_ttt	2582.870117 1408.541260 2334.539551	0.135 -0.017 -0.115
item_ammo_smg1_ttt	2581.035645 1447.538452 2334.505615	0.914 -0.135 -0.215
item_ammo_smg1_ttt	2971.884277 1167.040894 2334.485107	-0.796 0.003 -0.645
item_ammo_smg1_ttt	2992.767334 1169.019165 2334.506592	-0.848 0.052 -0.187
item_ammo_smg1_ttt	2498.167969 -2629.957031 462.471375	0.550 -0.056 -0.147
item_ammo_smg1_ttt	2489.110352 -2602.828857 462.417938	-0.376 0.005 0.241
item_ammo_smg1_ttt	2488.011963 -2566.391357 462.526825	0.523 -0.056 -0.122
item_ammo_smg1_ttt	2488.177734 -2524.814209 462.519318	0.564 -0.122 -0.088
item_ammo_smg1_ttt	2500.205078 -2505.797119 462.503540	-0.170 1.094 0.187
item_ammo_smg1_ttt	2504.467285 -2525.499268 462.509064	-0.064 0.311 0.414
item_ammo_smg1_ttt	2502.197021 -2552.210938 462.428558	-0.673 0.003 0.440
item_ammo_smg1_ttt	2511.860352 -2577.397705 462.391663	-0.109 0.005 0.061
item_ammo_smg1_ttt	2512.107910 -2603.016846 462.504333	0.662 -0.011 -0.502
item_ammo_smg1_ttt	2518.915527 -2628.927734 462.404144	-0.190 0.005 0.116
item_ammo_smg1_ttt	2541.010498 -2627.334473 462.514130	0.279 -0.012 -0.238
item_ammo_smg1_ttt	2539.304932 -2594.774170 462.513000	0.281 -0.012 -0.236
item_ammo_smg1_ttt	2537.948486 -2561.405518 462.404144	-0.191 0.005 0.116
item_ammo_smg1_ttt	2529.528564 -2519.039551 462.401733	0.171 -0.005 0.103
item_ammo_smg1_ttt	2543.922363 -2506.252930 462.422272	-0.476 0.004 0.308
item_ammo_smg1_ttt	2550.549561 -2532.222168 462.430573	0.741 -0.002 0.485
item_ammo_smg1_ttt	2568.235352 -2566.855957 462.555481	0.085 -4.314 -0.030
item_ammo_smg1_ttt	2565.494629 -2604.353516 462.413483	-0.301 0.005 0.190
item_ammo_smg1_ttt	2563.290283 -2524.672607 462.424408	-0.531 0.004 0.344
item_ammo_smg1_ttt	2577.651367 -2503.008545 462.432983	0.125 -0.004 0.106
item_ammo_smg1_ttt	3226.735596 -2902.447510 277.389069	0.098 -0.005 0.053
item_ammo_smg1_ttt	3230.642822 -2932.736084 277.499756	-0.807 0.011 -0.600
item_ammo_smg1_ttt	3230.849609 -2974.245117 277.439148	0.501 0.016 0.466
item_ammo_smg1_ttt	3230.900635 -3008.108398 277.470001	-0.774 -0.122 -0.119
item_ammo_smg1_ttt	2474.233398 -2037.884644 269.469727	0.551 0.143 0.201
item_ammo_smg1_ttt	2474.328369 -2008.485962 269.545471	-0.335 0.194 -0.103
item_ammo_smg1_ttt	2474.318848 -1975.856567 269.497192	-0.015 0.563 0.352
item_ammo_smg1_ttt	2474.394287 -1940.952881 269.551025	0.681 0.179 0.370
item_ammo_smg1_ttt	2474.511475 -1912.373413 269.526520	-0.773 0.411 -0.264
item_ammo_smg1_ttt	1850.580688 -1498.882690 269.563293	0.688 -0.017 0.459
item_ammo_smg1_ttt	1829.954102 -1484.291016 269.505249	-1.205 0.504 -0.405
item_ammo_smg1_ttt	1807.931152 -1469.229126 269.496063	-0.487 0.298 -0.241
item_ammo_smg1_ttt	1787.373291 -1454.912598 269.449493	0.114 0.315 0.449
item_ammo_smg1_ttt	1764.684570 -1439.137573 269.563293	-0.004 -3.649 -0.003
item_ammo_smg1_ttt	1744.906982 -1425.140259 269.511017	0.016 2.177 0.368
item_ammo_smg1_ttt	1550.113525 -1237.740479 296.450317	-0.011 -0.034 -0.014
item_ammo_smg1_ttt	1531.430420 -1238.591187 296.432587	0.836 -0.001 0.549
item_ammo_smg1_ttt	1512.604736 -1239.249146 296.399292	0.152 -0.005 0.090
item_ammo_smg1_ttt	1494.196411 -1238.706055 296.482666	-0.334 0.187 -0.248
item_ammo_smg1_ttt	1476.207153 -1239.985718 296.426270	0.026 0.022 0.016
item_ammo_smg1_ttt	1452.669922 -1239.536621 296.415741	0.338 -0.005 0.215
item_ammo_smg1_ttt	188.932205 -967.947266 269.463562	-0.799 0.060 -0.220
item_ammo_smg1_ttt	171.283936 -967.850769 269.520569	0.055 0.362 0.251
item_ammo_smg1_ttt	154.806931 -967.842896 269.510834	0.439 0.362 0.629
item_ammo_smg1_ttt	138.547653 -967.836365 269.498749	-0.504 0.358 0.106
item_ammo_smg1_ttt	118.592033 -967.827942 269.518158	-1.033 0.379 -0.380
item_ammo_smg1_ttt	99.540169 -967.817139 269.519379	-0.986 0.394 -0.357
item_ammo_smg1_ttt	-55.719234 -370.469666 269.506195	-0.534 0.010 -0.414
item_ammo_smg1_ttt	-57.722542 -341.193207 269.508057	0.305 0.151 0.211
item_ammo_smg1_ttt	-57.664780 -318.473206 269.520996	0.695 0.017 0.430
item_ammo_smg1_ttt	-57.629150 -290.865387 269.501099	0.001 0.692 0.292
item_ammo_smg1_ttt	-57.648571 -262.947449 269.539703	0.392 0.605 0.405
item_ammo_smg1_ttt	-57.577843 -232.473709 269.538635	-0.412 0.535 -0.117
item_ammo_smg1_ttt	-57.729546 -207.477066 269.494843	0.201 0.355 0.443
item_ammo_smg1_ttt	2299.349121 -115.718208 269.417969	0.373 -0.005 0.239
item_ammo_smg1_ttt	2299.883789 -140.156097 269.447937	-0.698 0.099 -0.107
item_ammo_smg1_ttt	2299.974121 -173.437531 269.497833	-0.941 -0.041 -0.179
item_ammo_smg1_ttt	2299.895508 -206.753571 269.494171	-0.728 -0.266 -0.096
item_ammo_smg1_ttt	3275.278809 -1097.835938 601.509155	-0.240 -0.443 0.466
item_ammo_smg1_ttt	3252.365967 -1097.864868 601.473022	0.062 -0.316 0.098
item_ammo_smg1_ttt	3229.116943 -1097.770386 601.529907	0.629 -0.445 -0.191
item_ammo_smg1_ttt	3205.854736 -1097.829102 601.529053	0.075 0.409 0.259
item_ammo_smg1_ttt	558.976196 -1914.264282 269.498993	-1.020 0.030 -0.240
item_ammo_smg1_ttt	558.980225 -1940.576660 269.492798	-1.068 0.047 -0.249
item_ammo_smg1_ttt	558.939209 -1968.510010 269.494904	-0.951 -0.084 -0.166
item_ammo_smg1_ttt	558.890564 -1998.305176 269.491791	-0.681 -0.257 -0.090
item_box_buckshot_ttt	1416.921021 -1044.474731 269.372253	-0.133 -0.318 0.075
item_box_buckshot_ttt	10.130951 -168.242493 269.476349	0.796 -0.702 -0.154
item_box_buckshot_ttt	1109.191284 -2719.803955 269.393982	-0.097 -0.178 -0.059
item_box_buckshot_ttt	1296.163696 1679.123535 566.381958	-0.932 0.029 -0.591
item_box_buckshot_ttt	1625.960815 1682.541992 566.334167	-0.010 -0.002 0.003
item_box_buckshot_ttt	1120.926758 -2904.629150 269.405884	0.139 -1.442 -0.081
item_box_buckshot_ttt	1519.334351 -1040.322021 269.401306	0.098 0.406 0.053
item_box_buckshot_ttt	2069.517334 -2677.464600 269.421631	-0.270 -1.360 -0.193
item_box_buckshot_ttt	1091.267090 354.314240 269.399506	-0.060 -0.035 -0.015
item_box_buckshot_ttt	2075.570313 -2744.814941 269.458099	-0.162 -1.366 -0.115
item_box_buckshot_ttt	1742.105225 358.150604 269.473816	0.382 -0.000 -0.139
item_box_buckshot_ttt	2813.919189 -3247.467773 277.464874	1.170 -0.097 -0.293
item_box_buckshot_ttt	2797.597656 -3247.453369 277.469391	1.066 -0.099 -0.271
item_box_buckshot_ttt	2777.804688 -3247.345947 277.475067	2.018 -0.213 -0.589
item_box_buckshot_ttt	2759.736572 -3247.435791 277.498322	0.335 -0.063 -0.079
item_box_buckshot_ttt	2735.670410 -3247.297852 277.442719	1.714 -0.172 -0.426
item_box_buckshot_ttt	2863.679932 -3247.529297 277.426422	1.177 -0.159 -0.340
item_box_buckshot_ttt	2850.519531 -3247.443604 277.455048	1.330 -0.257 -0.292
item_box_buckshot_ttt	2836.755859 -3247.463379 277.481293	0.805 0.002 -0.221
item_box_buckshot_ttt	2825.434326 -3247.370850 277.438049	1.825 -0.074 -0.440
item_box_buckshot_ttt	3376.136475 -1925.145996 269.413727	-0.765 -0.004 0.682
item_box_buckshot_ttt	3376.075928 -1939.648315 269.466919	-0.191 0.060 0.702
item_box_buckshot_ttt	3376.078369 -1954.294922 269.421448	1.132 -0.130 -0.242
item_box_buckshot_ttt	3375.934326 -1968.795410 269.482971	0.716 -0.087 -0.175
item_box_buckshot_ttt	3375.971436 -1982.849121 269.438202	1.806 -0.098 -0.441
item_box_buckshot_ttt	3375.967773 -1997.161255 269.462341	1.212 -0.083 -0.294
item_box_buckshot_ttt	1321.973389 -1396.141113 269.479401	0.733 -0.613 -0.144
item_box_buckshot_ttt	1305.507935 -1410.052734 269.453644	1.117 -0.022 -0.450
item_box_buckshot_ttt	1293.126587 -1420.468628 269.463348	1.411 -0.083 -0.466
item_box_buckshot_ttt	1275.319092 -1435.304199 269.437775	1.785 -0.085 -0.417
item_box_buckshot_ttt	1261.277710 -1447.065552 269.442200	1.679 -0.118 -0.393
item_box_buckshot_ttt	1248.737427 -1457.918335 269.447693	1.243 -0.094 -0.313
item_box_buckshot_ttt	1234.671875 -1469.657715 269.450745	1.523 -0.165 -0.384
weapon_ttt_galil	3074.956055 1151.185303 2334.751953	-1.381 21.967 86.713
weapon_ttt_galil	-14.767273 -355.001068 269.775879	-1.562 21.998 86.868
weapon_ttt_galil	-17.488262 -314.816895 269.780823	-1.485 21.993 86.898
weapon_ttt_galil	-15.737636 -277.164673 269.779480	-1.517 21.995 86.891
weapon_ttt_galil	-11.996566 -240.324875 269.783295	-1.469 21.993 86.914
weapon_ttt_galil	3268.676270 -1063.870850 601.776184	-1.552 21.969 86.887
weapon_ttt_galil	3221.257324 -1062.921387 601.799988	-1.593 21.981 87.013
weapon_ttt_p90	2617.571045 1386.194824 2335.293213	0.550 1.620 -87.515
weapon_ttt_p90	2616.051514 1419.477295 2335.175293	0.875 1.628 -86.768
weapon_ttt_p90	2597.065918 -2611.353271 463.275726	0.650 1.228 -87.407
weapon_ttt_p90	2601.356201 -2571.858398 463.275879	0.650 1.228 -87.410
weapon_ttt_p90	1860.830566 -1456.499634 270.465729	0.075 1.611 -88.610
weapon_ttt_p90	1827.679077 -1435.994507 270.373932	0.328 1.616 -88.027
weapon_ttt_p90	1794.157349 -1419.430420 270.289368	0.561 1.621 -87.490
weapon_ttt_p90	536.864563 -1932.695679 270.300934	0.015 1.369 -87.684
weapon_ttt_p90	535.759094 -1968.752563 270.302551	-0.014 1.369 -87.707
weapon_ttt_p90	536.988403 -1997.262207 270.291901	0.177 1.355 -87.554
weapon_ttt_famas	2605.873291 -2528.799316 463.152679	0.026 15.425 89.790
weapon_ttt_famas	2611.030762 -2497.063721 463.156982	0.022 15.426 89.820
weapon_ttt_famas	3192.205811 -2917.927979 278.152496	0.026 15.425 89.789
weapon_ttt_famas	3192.289551 -2942.926758 278.155121	0.024 15.425 89.807
weapon_ttt_famas	3191.335205 -2963.619385 278.151550	0.027 15.425 89.782
weapon_ttt_famas	3189.401855 -2984.609131 278.160095	0.020 15.427 89.841
weapon_ttt_famas	2510.033447 -2025.025513 270.182953	0.000 16.869 90.000
weapon_ttt_famas	2507.983154 -1994.459961 270.182953	0.000 16.873 90.000
weapon_ttt_famas	2258.507324 -120.407173 270.182953	0.000 16.035 90.000
weapon_ttt_famas	2255.813965 -159.531357 270.182953	0.000 16.035 90.000
weapon_ttt_famas	2257.732422 -190.246826 270.055176	0.000 16.084 89.181
ttt_random_ammo	2941.605713 -733.907043 269.367310	0.083 0.000 0.034
ttt_random_ammo	2944.704346 -756.230408 269.363495	0.072 0.000 0.019
ttt_random_ammo	2946.907959 -775.249329 269.441620	1.178 0.030 1.429
ttt_random_ammo	2950.866211 -795.029846 269.439117	1.232 0.030 1.496
ttt_random_ammo	2951.122314 -817.276978 269.389099	0.418 0.003 0.454
ttt_random_ammo	2948.498535 -848.532288 269.462097	0.726 0.022 0.881
ttt_random_ammo	2945.894043 -885.071228 269.394470	1.108 0.015 1.294
ttt_random_ammo	2951.813965 -929.569641 269.346832	0.050 -0.000 0.017
ttt_random_ammo	2949.849365 -868.345154 269.353363	0.054 0.000 -0.008
ttt_random_ammo	2950.293945 -911.751160 269.337646	0.047 0.000 -0.025
ttt_random_ammo	2751.609619 -756.641785 269.327850	0.046 0.000 -0.031
ttt_random_ammo	2798.480469 -750.640686 269.353363	0.055 0.000 -0.007
ttt_random_ammo	2844.002930 -744.805115 269.337677	0.047 -0.000 0.025
ttt_random_ammo	2900.328613 -737.593018 269.370941	0.100 -0.000 -0.057
ttt_random_ammo	2906.391357 -929.051086 269.342316	0.048 0.000 -0.021
ttt_random_ammo	2866.969238 -930.397034 269.314758	0.047 0.000 -0.036
ttt_random_ammo	2817.110107 -932.914734 269.444275	1.091 -0.028 -1.324
ttt_random_ammo	2773.791260 -934.156250 269.453186	0.891 0.025 1.078
ttt_random_ammo	2737.614746 -936.087036 269.377838	0.152 0.001 0.124
weapon_zm_rifle	-222.651459 171.756790 268.080139	3.722 24.371 64.932
weapon_zm_rifle	-30.429657 -1796.515137 2309.124756	3.364 26.058 65.481
weapon_zm_rifle	3019.236328 -230.616776 791.859497	3.767 27.343 65.177
weapon_zm_rifle	2476.402588 1161.423462 2333.153320	3.580 12.618 65.641
weapon_zm_rifle	2506.408447 1347.506958 2595.148926	3.593 12.623 65.636
weapon_zm_rifle	2902.898193 -1387.449097 597.160522	3.560 12.612 65.649
weapon_zm_rifle	1653.677979 -1755.441895 789.147766	3.348 13.321 64.983
weapon_zm_rifle	3486.127197 -2312.790039 502.877930	-0.265 -5.581 -88.126
weapon_zm_rifle	853.938538 -1095.252808 1381.842529	3.748 12.667 65.574
weapon_zm_rifle	-177.228104 -137.573502 597.087769	3.760 12.670 65.551
weapon_zm_rifle	-552.498230 -1227.144653 791.972534	3.334 13.338 65.263
weapon_zm_rifle	1295.898071 978.132507 565.125244	3.356 13.311 64.817
weapon_zm_rifle	1149.658691 -1483.087036 268.215881	3.407 12.594 65.711
weapon_zm_rifle	1095.413574 -1483.028931 268.116760	3.681 12.652 65.600
weapon_zm_rifle	2951.237061 -1063.697632 268.137421	3.624 12.634 65.623
weapon_zm_rifle	2896.086914 -1067.004761 268.137421	3.624 12.634 65.623
weapon_zm_rifle	1443.282715 456.915955 265.149719	0.165 -2.307 -95.131
weapon_zm_rifle	2093.907715 -2530.702148 268.104187	3.705 12.986 65.471
weapon_zm_rifle	2354.413574 -2509.006592 276.042542	3.812 12.647 64.747
weapon_zm_rifle	3145.211182 -2512.668701 276.154785	3.542 12.657 65.286
weapon_zm_rifle	3347.753174 -1670.360840 268.127106	3.366 6.823 64.840
weapon_zm_rifle	3346.378662 -1700.284424 268.136536	3.285 12.714 65.960
weapon_zm_rifle	3342.334229 -1738.291382 268.098175	3.354 -8.542 64.607
weapon_zm_rifle	2132.813721 -1495.835327 268.155029	3.574 12.614 65.633
weapon_zm_rifle	2074.655518 -1497.326904 268.168457	3.538 12.605 65.658
weapon_zm_rifle	3336.296631 -837.411682 600.184265	3.495 12.596 65.676
weapon_zm_rifle	3331.607422 -883.398193 600.203308	3.442 12.594 65.697
weapon_zm_rifle	2058.306641 -2976.242920 268.135834	3.620 12.966 65.531
weapon_zm_rifle	2058.774414 -3007.922852 268.135834	3.620 12.966 65.531
weapon_zm_rifle	2058.578857 -3032.486084 268.192017	3.469 12.944 65.638
weapon_zm_rifle	2317.128174 -2537.460693 276.084900	3.710 12.650 64.950
weapon_zm_rifle	2376.491211 -2534.678467 276.057739	3.775 12.648 64.820
weapon_zm_rifle	2025.458130 -1490.636841 268.184296	3.495 12.596 65.676
weapon_zm_rifle	1968.484253 -1487.735718 268.140808	3.615 12.631 65.627
weapon_zm_rifle	2183.483643 -1487.795532 268.110535	3.698 12.661 65.593
weapon_zm_rifle	362.653412 -1120.091675 268.151917	3.584 12.618 65.640
weapon_zm_rifle	364.908997 -1079.618408 268.110535	3.698 12.661 65.593
weapon_zm_mac10	-174.324646 -679.992371 269.788696	0.178 59.794 87.536
weapon_zm_mac10	2780.514648 1067.254150 2335.254150	0.522 -47.359 -88.061
weapon_zm_mac10	3236.950928 -1939.396118 270.202759	-0.798 -57.772 -87.984
weapon_zm_mac10	2797.390869 -2963.351563 270.249634	-0.434 25.035 -88.024
weapon_zm_mac10	1277.144653 1493.284302 260.285614	0.058 59.501 -88.707
weapon_zm_mac10	755.750244 -766.811829 270.230530	0.172 -56.693 -88.404
weapon_zm_pistol	-245.679779 -151.668625 598.895569	0.509 36.485 88.862
weapon_zm_pistol	2727.673828 -3009.733887 269.980621	0.213 -38.103 -90.031
weapon_zm_pistol	482.993439 -2975.002686 599.895569	0.281 34.100 89.186
weapon_zm_pistol	1460.221924 1044.626221 566.762085	-0.032 -104.054 -87.237
weapon_zm_pistol	-701.596924 -906.534241 270.080444	0.586 -8.039 90.850
weapon_zm_pistol	1972.420776 1657.175537 257.337372	-8.323 -82.601 87.894
weapon_zm_pistol	1588.810547 -2346.826416 206.021057	-0.328 -11.388 91.255
weapon_zm_pistol	3099.726807 -1130.496216 617.895813	0.284 -20.218 89.216
weapon_zm_pistol	-433.272919 1228.206421 128.989212	0.804 -88.594 88.793
weapon_zm_pistol	2896.144775 1152.704224 2114.913574	0.873 100.216 -89.955
weapon_zm_pistol	1332.012573 -1579.004639 791.086792	0.777 -50.702 90.718
item_ammo_pistol_ttt	2921.920166 -3191.628174 277.452576	-0.932 6.854 -0.002
item_ammo_pistol_ttt	2644.620361 -3195.584229 277.450684	-0.968 7.785 -0.001
item_ammo_pistol_ttt	2197.541016 -396.755188 269.450287	-0.412 -0.302 -0.182
item_ammo_pistol_ttt	1664.688232 1471.317993 182.853897	-87.505 22.043 67.049
item_ammo_pistol_ttt	722.329895 -2934.855957 269.450684	0.206 -0.799 -0.012
item_ammo_pistol_ttt	2187.165771 -155.638580 269.392517	0.308 0.680 0.074
item_ammo_pistol_ttt	2828.442139 -1284.623169 607.198792	-0.573 -0.085 90.586
item_ammo_pistol_ttt	1099.626953 -3223.456787 269.407471	0.818 -0.873 -0.083
item_ammo_pistol_ttt	1653.766968 1164.679565 183.088623	87.078 -163.402 -149.526
item_ammo_pistol_ttt	-679.468811 -71.795403 269.373688	0.802 -0.813 -0.088
item_ammo_pistol_ttt	1623.686890 -427.474701 269.408600	0.700 -1.099 -0.160
item_ammo_pistol_ttt	2066.474365 -3203.233643 269.434845	0.289 -0.733 -0.025
item_ammo_pistol_ttt	3056.990479 1341.039551 2596.362793	-0.119 -0.019 -0.036
item_ammo_pistol_ttt	3041.415527 1336.873047 2596.345215	-0.134 -0.019 -0.040
item_ammo_pistol_ttt	3021.833008 1337.142944 2596.345215	-0.134 -0.019 -0.040
item_ammo_pistol_ttt	2581.061035 1199.259155 2334.364746	-0.117 -0.019 -0.035
item_ammo_pistol_ttt	2578.251953 1227.857056 2334.447998	0.838 -0.069 -0.058
item_ammo_pistol_ttt	2578.302002 1257.514893 2334.473633	-0.162 -0.091 -0.215
item_ammo_pistol_ttt	3233.765869 -2633.553467 277.452576	-0.206 -0.102 -0.367
item_ammo_pistol_ttt	3233.650391 -2655.862549 277.473267	-0.595 0.183 -0.317
item_ammo_pistol_ttt	3233.758301 -2679.157227 277.473694	-0.839 0.139 -0.423
item_ammo_pistol_ttt	3233.704102 -2703.003174 277.422333	-0.364 0.402 -0.615
item_ammo_pistol_ttt	3233.641113 -2728.502686 277.442413	-0.428 1.060 -0.505
item_ammo_pistol_ttt	2284.470215 -3097.058105 277.458130	0.075 -1.409 0.029
item_ammo_pistol_ttt	2284.277832 -3068.097168 277.452667	0.112 0.019 -0.263
item_ammo_pistol_ttt	2284.263916 -3040.575195 277.454865	0.212 -0.141 -0.217
item_ammo_pistol_ttt	2284.253906 -3014.255615 277.442719	0.164 -0.060 -0.155
item_ammo_pistol_ttt	2288.417725 -2762.004395 277.362793	-0.119 -0.019 -0.036
item_ammo_pistol_ttt	2284.260986 -2737.955566 277.443298	0.305 -0.081 -0.262
item_ammo_pistol_ttt	2284.561768 -2707.015869 277.485413	0.224 -1.563 0.014
item_ammo_pistol_ttt	2284.252441 -2684.643066 277.434143	0.452 -0.044 -0.016
item_ammo_pistol_ttt	3026.968018 -2507.516113 462.416138	-0.072 -0.020 -0.022
item_ammo_pistol_ttt	3031.803467 -2532.013184 462.429047	-0.235 -0.101 -0.412
item_ammo_pistol_ttt	3031.707764 -2561.423096 462.442352	-0.321 0.238 -0.471
item_ammo_pistol_ttt	3031.734375 -2583.381592 462.415985	-0.265 0.319 -0.520
item_ammo_pistol_ttt	3031.631592 -2611.839600 462.435394	-0.451 0.985 -0.558
item_ammo_pistol_ttt	3023.189453 -2630.791260 462.432800	-0.344 0.693 -0.540
item_ammo_pistol_ttt	3022.937012 -2609.796387 462.402679	-0.084 -0.020 -0.025
item_ammo_pistol_ttt	3018.238770 -2591.220215 462.458618	-0.472 0.343 -0.393
item_ammo_pistol_ttt	3021.644531 -2572.469482 462.452118	-0.265 0.166 -0.389
item_ammo_pistol_ttt	3022.304688 -2545.921631 462.360687	-0.121 -0.019 -0.037
item_ammo_pistol_ttt	3017.331299 -2527.078857 462.439484	-0.052 -0.020 -0.016
item_ammo_pistol_ttt	2997.413086 -2502.727539 462.486603	-0.717 0.155 -0.311
item_ammo_pistol_ttt	2999.776611 -2526.556641 462.338165	-0.140 -0.019 -0.042
item_ammo_pistol_ttt	3001.748779 -2550.562500 462.424408	-0.065 -0.020 -0.020
item_ammo_pistol_ttt	3003.100098 -2574.675781 462.340576	-0.138 -0.019 -0.042
item_ammo_pistol_ttt	2999.530518 -2600.688477 462.432861	-0.058 -0.020 -0.017
item_ammo_pistol_ttt	2993.381348 -2611.528076 462.436462	-0.551 0.274 -0.571
item_ammo_pistol_ttt	2981.772949 -2505.160889 462.408295	-0.079 -0.020 -0.024
item_ammo_pistol_ttt	2984.084229 -2534.679199 462.370728	-0.112 -0.019 -0.034
item_ammo_pistol_ttt	2977.616699 -2566.989258 462.432953	0.900 -0.067 0.342
item_ammo_pistol_ttt	2971.496338 -2582.890869 462.439545	-0.351 0.623 -0.499
item_ammo_pistol_ttt	2973.331055 -2617.636719 462.399719	-0.086 -0.020 -0.026
item_ammo_pistol_ttt	2471.239014 -1867.587769 269.428833	-0.395 -0.225 -0.583
item_ammo_pistol_ttt	2471.264648 -1840.413574 269.449188	0.424 0.065 -0.185
item_ammo_pistol_ttt	2471.269775 -1815.182861 269.452850	0.832 0.016 0.029
item_ammo_pistol_ttt	2471.288086 -1778.110352 269.449951	0.595 0.008 -0.125
item_ammo_pistol_ttt	1399.799194 -1344.627441 296.433594	-0.330 0.129 -0.444
item_ammo_pistol_ttt	1406.415283 -1322.268555 296.338196	-0.140 -0.019 -0.043
item_ammo_pistol_ttt	1416.484863 -1300.263306 296.325592	-0.151 -0.018 -0.046
item_ammo_pistol_ttt	1425.534912 -1275.313721 296.364807	-0.117 -0.019 -0.035
item_ammo_pistol_ttt	1435.834839 -1250.548584 296.424835	-0.530 0.322 -0.187
item_ammo_pistol_ttt	931.533569 -1514.612549 269.454102	-0.462 0.118 -0.417
item_ammo_pistol_ttt	919.227966 -1514.607666 269.461548	-0.319 0.113 -0.338
item_ammo_pistol_ttt	903.600708 -1514.606934 269.438660	-0.519 0.116 -0.547
item_ammo_pistol_ttt	889.456055 -1514.712646 269.473572	-0.755 0.194 -0.371
item_ammo_pistol_ttt	874.247253 -1514.760620 269.465973	-0.463 0.321 -0.358
item_ammo_pistol_ttt	855.034607 -1514.685181 269.460052	-0.323 0.347 -0.356
item_ammo_pistol_ttt	2302.823242 -364.558807 269.498688	0.000 -0.153 0.000
item_ammo_pistol_ttt	2302.690674 -390.784729 269.477325	-0.370 0.166 -0.252
item_ammo_pistol_ttt	2302.695801 -414.733002 269.448608	-0.752 0.050 -0.560
item_ammo_pistol_ttt	2302.607178 -439.808685 269.428925	1.844 0.223 0.142
item_ammo_pistol_ttt	2302.745850 -467.495300 269.456024	-0.333 0.135 -0.383
item_ammo_pistol_ttt	2302.718994 -494.174957 269.431122	-0.658 0.123 -0.631
item_ammo_pistol_ttt	3152.967773 -560.627502 601.458130	-0.186 0.095 0.324
item_ammo_pistol_ttt	3166.201904 -560.610413 601.441467	-0.165 0.042 0.426
item_ammo_pistol_ttt	3183.589355 -560.621643 601.459229	-0.097 0.361 0.289
item_ammo_pistol_ttt	3204.820068 -560.666077 601.465454	0.311 0.139 0.116
item_ammo_pistol_ttt	3319.311035 -665.674438 601.427856	0.014 0.031 0.002
item_ammo_pistol_ttt	3328.529785 -692.285889 601.343201	0.031 0.030 0.004
item_ammo_pistol_ttt	3336.627930 -718.373718 601.356689	0.028 0.030 0.004
item_ammo_pistol_ttt	212.554962 -1553.649170 269.460968	-0.120 0.306 -0.269
item_ammo_pistol_ttt	230.716675 -1553.682983 269.419556	-0.619 0.263 -0.712
item_ammo_pistol_ttt	249.241547 -1553.636719 269.441345	-0.485 0.150 -0.528
item_ammo_pistol_ttt	264.138092 -1553.752075 269.460358	-0.578 0.314 -0.435
item_ammo_pistol_ttt	278.520477 -1553.779663 269.453979	-0.396 0.485 -0.417
item_ammo_pistol_ttt	294.276855 -1553.776245 269.445770	-0.483 0.482 -0.495
item_ammo_pistol_ttt	1479.196411 -3275.600342 269.424347	-0.476 0.187 -0.638
item_ammo_pistol_ttt	1459.581299 -3275.697754 269.482605	-0.386 0.154 -0.199
item_ammo_pistol_ttt	1440.247314 -3275.630615 269.450897	-0.307 0.118 -0.400
item_ammo_pistol_ttt	1422.242065 -3275.642822 269.472534	-0.242 0.078 -0.248
item_ammo_pistol_ttt	1394.439209 -3275.631592 269.419769	-0.623 0.204 -0.712
item_ammo_pistol_ttt	1366.062012 -3275.773682 269.472992	-0.645 0.177 -0.355
weapon_ttt_m16	1798.861572 -1688.613525 791.013184	2.267 1.745 -84.774
weapon_ttt_m16	2778.631348 1497.319092 2597.018555	2.282 -1.085 -84.790
weapon_ttt_m16	2310.634521 -3091.613525 277.987091	1.605 -26.777 85.108
weapon_ttt_m16	2315.146973 -3047.677246 277.840576	2.112 -5.966 84.037
weapon_ttt_m16	2267.470947 -381.768677 269.866119	2.095 -5.781 83.881
weapon_ttt_m16	2268.300293 -414.182129 269.856812	2.212 -5.789 83.973
weapon_ttt_m16	2269.175537 -453.179291 269.862305	2.143 -5.783 83.919
weapon_ttt_m16	2269.510498 -489.149689 269.860138	2.170 -5.784 83.940
weapon_ttt_m16	3175.929688 -597.812927 601.855591	2.228 -5.790 83.986
weapon_ttt_m16	3215.288574 -590.664307 601.859680	2.176 -5.784 83.945
item_ammo_357_ttt	-315.898346 196.079575 269.360565	0.292 1.128 -0.036
item_ammo_357_ttt	2506.662842 1392.635742 2596.408203	1.282 0.052 -0.131
item_ammo_357_ttt	2235.096436 -1466.178711 269.320740	0.530 0.219 -0.133
item_ammo_357_ttt	708.518005 -1474.750244 269.377075	0.351 0.011 -0.109
item_ammo_357_ttt	1467.760010 195.949707 269.401703	0.674 -0.135 -0.019
item_ammo_357_ttt	1080.806641 -2471.504883 269.309082	0.664 0.220 0.023
item_ammo_357_ttt	2917.993408 1306.588135 2334.349854	0.501 0.166 -0.157
item_ammo_357_ttt	2519.835449 -2847.418701 477.329651	0.939 -0.089 -0.080
item_ammo_357_ttt	2990.101074 -2839.763428 477.335571	0.574 -0.072 0.203
item_ammo_357_ttt	-170.904694 -1982.923706 2310.344971	0.801 -0.032 -0.041
item_ammo_357_ttt	1815.403076 1387.857422 566.422913	0.496 0.122 -0.053
item_ammo_357_ttt	1241.397461 1266.943848 259.341370	0.573 0.053 -0.201
item_ammo_357_ttt	1679.489258 1338.883301 259.357971	0.560 0.029 -0.181
item_ammo_357_ttt	-110.777519 -351.110443 598.341003	0.360 0.117 -0.159
item_ammo_357_ttt	1275.099243 -1998.470947 790.418762	0.701 -0.389 -0.075
item_ammo_357_ttt	2559.597900 -2554.104492 462.379364	0.514 1.675 0.551
item_ammo_357_ttt	2986.884766 -2553.785156 462.428955	0.497 0.073 -0.060
item_ammo_357_ttt	3216.835205 -179.126709 793.093567	0.448 -0.060 -0.005
item_ammo_357_ttt	-95.442719 -1791.856689 2310.355957	0.214 0.047 -0.056
item_ammo_357_ttt	-65.691650 -1790.506226 2310.361328	0.199 0.061 -0.083
item_ammo_357_ttt	3220.877441 -295.905487 793.116150	0.411 -0.062 -0.011
item_ammo_357_ttt	-277.289368 192.987350 269.393494	0.438 0.097 -0.007
item_ammo_357_ttt	-424.470673 -1141.695923 793.205994	1.293 0.623 -0.043
item_ammo_357_ttt	10.898570 -365.732819 273.483582	0.787 1.975 89.188
item_ammo_357_ttt	-415.893463 -1388.140869 797.852173	-0.505 -1.314 -90.531
item_ammo_357_ttt	2449.802246 1172.681030 2334.332520	0.450 0.065 0.055
item_ammo_357_ttt	2463.690918 1172.482422 2334.453613	1.281 -0.230 -0.805
item_ammo_357_ttt	2479.835693 1172.606567 2334.447021	0.786 -0.200 -0.546
item_ammo_357_ttt	2494.952393 1172.705444 2334.461182	1.520 0.304 -0.869
item_ammo_357_ttt	2510.837891 1172.808472 2334.366943	0.891 -0.113 -0.699
item_ammo_357_ttt	2452.941650 1341.270508 2596.390381	0.462 0.055 0.032
item_ammo_357_ttt	2450.212646 1358.585449 2596.366943	0.457 0.058 0.041
item_ammo_357_ttt	2448.087402 1376.678589 2596.377197	0.459 0.056 0.037
item_ammo_357_ttt	2446.018555 1391.345093 2596.307617	0.446 0.080 0.065
item_ammo_357_ttt	3000.876953 -220.015091 793.127502	0.452 0.063 0.053
item_ammo_357_ttt	3011.518555 -221.131622 793.123535	0.451 0.063 0.054
item_ammo_357_ttt	3022.920898 -219.994858 793.136963	0.454 0.061 0.049
item_ammo_357_ttt	3036.842529 -216.002075 793.181946	0.463 0.054 0.030
item_ammo_357_ttt	2968.639160 -1407.532715 598.342529	0.453 0.062 0.051
item_ammo_357_ttt	2948.757813 -1408.621460 598.362061	0.456 0.058 0.043
item_ammo_357_ttt	2928.810791 -1409.780273 598.307861	0.665 -0.156 -0.056
item_ammo_357_ttt	1622.035889 -1768.795654 790.339905	0.860 -0.151 0.057
item_ammo_357_ttt	1627.532349 -1754.436157 790.356201	0.669 -0.077 -0.342
item_ammo_357_ttt	1634.943604 -1736.060791 790.340515	0.452 0.063 0.053
item_ammo_357_ttt	1642.288818 -1716.694458 790.419006	1.128 1.267 -0.000
item_ammo_357_ttt	3457.731445 -2249.767090 501.776886	-0.493 -0.112 0.037
item_ammo_357_ttt	3476.801270 -2250.382813 502.027985	-0.500 -0.112 0.038
item_ammo_357_ttt	3497.529053 -2251.437012 502.353516	-0.421 -0.109 0.024
item_ammo_357_ttt	778.883789 -1189.011963 1383.098145	0.454 0.062 0.049
item_ammo_357_ttt	780.245117 -1168.700317 1383.122925	0.459 0.057 0.039
item_ammo_357_ttt	781.292480 -1150.590698 1383.078247	0.450 0.068 0.057
item_ammo_357_ttt	782.050232 -1133.535034 1383.071655	0.448 0.068 0.059
item_ammo_357_ttt	-195.277847 -123.968040 598.321655	0.449 0.068 0.059
item_ammo_357_ttt	-176.831726 -121.541008 598.340576	0.452 0.065 0.052
item_ammo_357_ttt	-165.076218 -120.391548 598.386597	0.461 0.056 0.033
item_ammo_357_ttt	-148.413986 -122.481369 598.349976	0.454 0.062 0.048
item_ammo_357_ttt	-567.014832 -1212.385986 793.127502	0.452 0.063 0.053
item_ammo_357_ttt	-558.457947 -1211.123169 793.121521	0.451 0.063 0.055
item_ammo_357_ttt	-549.608337 -1211.186035 793.125549	0.451 0.063 0.053
item_ammo_357_ttt	-534.649353 -1213.453735 793.135132	0.453 0.061 0.049
item_ammo_357_ttt	1319.556396 951.590820 566.326050	0.449 0.067 0.058
item_ammo_357_ttt	1307.710693 949.282410 566.349976	0.454 0.061 0.049
item_ammo_357_ttt	1293.949463 947.664795 566.348145	0.453 0.061 0.049
item_ammo_357_ttt	1278.731812 946.436646 566.344421	0.453 0.061 0.051
item_ammo_357_ttt	1157.438599 -1514.007568 269.332489	0.451 0.065 0.055
item_ammo_357_ttt	1143.508179 -1517.793823 269.476013	2.158 0.248 -1.117
item_ammo_357_ttt	1131.537109 -1515.123169 269.360443	0.456 0.058 0.044
item_ammo_357_ttt	1112.647461 -1516.940308 269.360443	0.456 0.058 0.044
item_ammo_357_ttt	1094.116943 -1517.847412 269.435211	0.813 -0.390 -0.731
item_ammo_357_ttt	1073.586914 -1517.830444 269.416901	0.732 -0.020 -0.929
item_ammo_357_ttt	2958.726563 -1101.907715 269.432281	1.024 -0.019 -0.922
item_ammo_357_ttt	2940.782471 -1102.004883 269.459656	1.674 -0.662 -1.002
item_ammo_357_ttt	2921.585693 -1101.931274 269.427734	0.979 -0.422 -0.954
item_ammo_357_ttt	2906.173340 -1101.992432 269.435791	1.205 -0.422 -1.002
item_ammo_357_ttt	2890.884033 -1102.004639 269.428619	0.890 -0.293 -0.878
item_ammo_357_ttt	2869.334229 -1101.686157 269.418762	1.504 1.471 -0.003
item_ammo_357_ttt	1499.866211 424.813812 267.903595	0.342 0.144 -6.399
item_ammo_357_ttt	1499.043945 439.367798 266.310242	0.303 0.138 -6.457
item_ammo_357_ttt	1496.743042 454.906128 264.641571	0.328 0.143 -6.421
item_ammo_357_ttt	1496.872803 469.454193 263.061523	0.314 0.141 -6.440
item_ammo_357_ttt	2133.119141 -2507.833740 269.324493	0.463 0.070 0.053
item_ammo_357_ttt	2129.655273 -2528.653076 269.354065	0.466 0.062 0.042
item_ammo_357_ttt	2131.849121 -2547.639404 269.364136	0.467 0.060 0.039
item_ammo_357_ttt	2131.756592 -2570.842041 269.380402	0.469 0.058 0.033
item_ammo_357_ttt	2130.168945 -2594.144287 269.386932	0.469 0.058 0.030
item_ammo_357_ttt	2329.395020 -2487.356201 277.426208	1.230 -0.372 -1.155
item_ammo_357_ttt	2339.888428 -2487.435547 277.451355	0.691 -0.294 -0.417
item_ammo_357_ttt	2351.906982 -2487.003418 277.443298	1.023 2.089 -0.007
item_ammo_357_ttt	2363.046631 -2487.380859 277.436890	1.144 -0.415 -0.942
item_ammo_357_ttt	2375.121094 -2487.422852 277.438446	1.242 -0.268 -0.991
item_ammo_357_ttt	2389.039795 -2487.378418 277.392242	0.022 -0.110 0.417
item_ammo_357_ttt	3120.557373 -2487.397949 277.437592	1.247 -0.410 -1.007
item_ammo_357_ttt	3132.030518 -2487.336182 277.446198	0.782 -0.411 -0.555
item_ammo_357_ttt	3147.471924 -2487.365723 277.441956	0.954 -0.422 -0.736
item_ammo_357_ttt	3162.961670 -2487.426270 277.469940	1.861 -0.712 -0.990
item_ammo_357_ttt	3175.019043 -2487.346924 277.437469	1.014 -0.282 -0.842
item_ammo_357_ttt	3376.739014 -1646.893188 269.417206	0.258 0.189 -0.588
item_ammo_357_ttt	3376.665039 -1673.277344 269.441803	0.421 0.164 -0.359
item_ammo_357_ttt	3376.651367 -1690.064941 269.450562	-0.031 0.227 0.086
item_ammo_357_ttt	3376.700684 -1716.298218 269.430176	0.009 0.308 -0.229
item_ammo_357_ttt	3376.664307 -1737.325073 269.448761	0.063 0.292 -0.007
item_ammo_357_ttt	3376.648926 -1764.482544 269.316803	0.973 -0.118 -0.025
item_ammo_357_ttt	2135.259033 -1518.579834 269.419006	1.508 1.607 -0.008
item_ammo_357_ttt	2123.448975 -1519.009644 269.466888	0.991 -0.336 -0.413
item_ammo_357_ttt	2107.460938 -1518.744385 269.394867	0.896 0.201 -0.095
item_ammo_357_ttt	2090.853027 -1518.946167 269.453949	0.785 -0.273 -0.448
item_ammo_357_ttt	2075.992920 -1518.959595 269.432220	0.870 -0.298 -0.813
item_ammo_357_ttt	2060.372803 -1518.950439 269.461487	1.812 -0.412 -1.074
item_ammo_357_ttt	1606.192993 -1340.668579 296.302551	0.445 0.080 0.067
item_ammo_357_ttt	1600.706299 -1328.600830 296.336578	0.451 0.065 0.053
item_ammo_357_ttt	1593.695190 -1315.847534 296.321655	0.448 0.068 0.059
item_ammo_357_ttt	1587.392090 -1302.209717 296.326080	0.449 0.068 0.058
item_ammo_357_ttt	1582.586670 -1289.031494 296.355316	0.455 0.060 0.046
item_ammo_357_ttt	1575.900391 -1274.573242 296.323883	0.449 0.069 0.058
item_ammo_357_ttt	1571.286987 -1262.077881 296.360413	0.456 0.058 0.044
item_ammo_357_ttt	1567.360229 -1250.333618 296.409637	0.203 0.133 -0.024
item_ammo_357_ttt	3367.972412 -822.853210 601.342529	0.453 0.062 0.051
item_ammo_357_ttt	3368.699707 -845.980774 601.330383	0.450 0.068 0.056
item_ammo_357_ttt	3369.134521 -866.112671 601.314819	0.447 0.073 0.062
item_ammo_357_ttt	3367.046387 -891.354492 601.314819	0.447 0.073 0.062
item_ammo_357_ttt	3370.233887 -916.250488 601.340576	0.452 0.065 0.052
item_ammo_357_ttt	1745.276367 -2963.981689 269.344940	0.465 0.064 0.045
item_ammo_357_ttt	2107.686768 -2963.952148 269.328857	0.464 0.070 0.051
item_ammo_357_ttt	2106.087646 -2985.613770 269.368866	0.468 0.059 0.037
item_ammo_357_ttt	2104.562012 -3006.275391 269.360901	0.467 0.060 0.040
item_ammo_357_ttt	2103.049072 -3026.770996 269.333069	0.464 0.066 0.050
item_ammo_357_ttt	2101.793701 -3043.775146 269.364136	0.467 0.060 0.039
item_ammo_357_ttt	2315.121582 -2487.459961 277.463501	1.699 -0.355 -0.965
item_ammo_357_ttt	2300.094727 -2487.322266 277.415894	0.665 -0.372 -0.896
item_ammo_357_ttt	2289.866455 -2487.384033 277.465851	1.704 -0.268 -0.935
item_ammo_357_ttt	2284.228760 -2501.156494 277.443604	0.806 -0.411 -0.608
item_ammo_357_ttt	2286.053223 -2514.374512 277.334625	0.452 0.066 0.053
item_ammo_357_ttt	2284.283203 -2534.463623 277.455444	1.693 -0.378 -1.074
item_ammo_357_ttt	2047.417236 -1518.880493 269.436829	0.889 -0.425 -0.762
item_ammo_357_ttt	2031.996216 -1518.924683 269.361359	0.084 -0.064 0.666
item_ammo_357_ttt	2016.835693 -1519.020996 269.447144	1.386 -0.258 -0.972
item_ammo_357_ttt	1997.592285 -1518.898315 269.423615	0.852 -0.275 -0.921
item_ammo_357_ttt	1972.878418 -1519.044434 269.445129	1.100 -0.222 -0.796
item_ammo_357_ttt	1982.960571 -1519.088257 269.438263	1.370 -0.179 -1.085
item_ammo_357_ttt	2007.280762 -1518.844971 269.394897	1.248 -0.127 -0.256
item_ammo_357_ttt	2147.256592 -1518.882080 269.435394	0.889 -0.324 -0.782
item_ammo_357_ttt	2162.887207 -1518.444092 269.436066	1.182 0.822 -0.016
item_ammo_357_ttt	2175.169434 -1518.859863 269.431641	0.896 -0.368 -0.840
item_ammo_357_ttt	2190.704346 -1518.920654 269.415955	0.970 -0.275 -1.113
item_ammo_357_ttt	329.377167 -1149.926758 269.360443	0.456 0.058 0.044
item_ammo_357_ttt	328.960358 -1135.186646 269.328278	0.450 0.068 0.057
item_ammo_357_ttt	328.680023 -1122.189819 269.396118	0.463 0.055 0.030
item_ammo_357_ttt	328.267303 -1103.079956 269.394989	0.463 0.055 0.030
item_ammo_357_ttt	324.686951 -1078.531250 269.436981	0.471 0.054 0.013
item_ammo_357_ttt	329.349274 -1055.762939 269.340576	0.452 0.065 0.052
weapon_zm_shotgun	1467.228394 -961.133423 270.117340	-0.374 -2.282 -84.439
weapon_zm_shotgun	1412.992432 -2778.922607 270.027161	-0.512 6.009 -83.945
weapon_zm_shotgun	1455.520508 1681.733032 567.109497	-0.617 3.376 -84.521
weapon_zm_shotgun	1009.424866 -1478.916382 270.113068	-0.454 -9.682 -84.289
weapon_zm_shotgun	1362.265137 185.626892 269.610901	-0.445 9.263 84.248
weapon_zm_shotgun	209.608414 -3244.351563 269.555603	-0.413 9.681 83.724
weapon_zm_shotgun	2635.175293 1286.912842 2334.977539	-0.350 -9.205 -83.016
weapon_zm_shotgun	-180.928650 -1789.147095 2307.812256	9.427 0.292 0.447
weapon_zm_shotgun	1101.770508 1340.388672 567.139648	-0.462 -8.801 -84.539
weapon_zm_shotgun	3203.151367 -1307.075439 270.178467	-0.667 4.339 -84.973
weapon_zm_shotgun	-347.321320 -140.957184 598.552795	-0.399 9.707 83.697
weapon_zm_sledge	-415.815552 -1302.463501 795.602539	-2.014 10.607 89.022
weapon_zm_sledge	3489.739258 -2383.573730 504.676697	-2.658 12.168 88.856
weapon_zm_revolver	3118.996338 -2987.414307 277.971161	1.844 -23.877 -86.129
weapon_zm_revolver	2378.576172 -2648.444336 277.797791	2.203 -23.891 -83.949
weapon_zm_revolver	1483.841797 1377.728149 259.972534	1.993 -20.106 -85.972
weapon_zm_revolver	-207.160736 -263.751312 269.799561	2.119 -15.787 -83.993
weapon_zm_revolver	2995.464355 1374.828735 2596.970459	1.878 -18.778 -86.008
weapon_zm_revolver	2994.969238 1395.615356 2596.970459	1.927 -18.776 -85.922
weapon_zm_revolver	2936.548828 1256.857910 2334.916260	2.551 -29.824 -84.714
weapon_zm_revolver	2934.731934 1238.414673 2334.970703	2.132 -18.675 -85.565
weapon_zm_revolver	2587.110840 -3231.699951 277.970459	1.859 -20.629 -86.041
weapon_zm_revolver	2568.058594 -3231.672363 277.970428	1.833 -20.647 -86.086
weapon_zm_revolver	2549.944824 -3231.868408 277.970551	1.947 -20.587 -85.888
weapon_zm_revolver	2528.009766 -3232.481445 277.970459	1.871 -20.628 -86.020
weapon_zm_revolver	2709.645752 -2513.179932 462.970764	2.149 -20.523 -85.535
weapon_zm_revolver	2732.319824 -2511.220947 462.969971	1.514 -19.404 -86.641
weapon_zm_revolver	2762.152100 -2508.294434 462.717804	25.380 -8.553 -34.452
weapon_zm_revolver	2778.666504 -2511.426025 462.970459	1.877 -20.613 -86.009
weapon_zm_revolver	2799.299072 -2512.997314 462.970459	1.888 -20.613 -85.989
weapon_zm_revolver	2817.694092 -2516.007568 462.970490	1.905 -20.599 -85.960
weapon_zm_revolver	3020.580322 -1465.432739 269.970551	1.947 -18.775 -85.887
weapon_zm_revolver	3043.043945 -1465.972290 269.970551	1.947 -18.775 -85.887
weapon_zm_revolver	3068.413818 -1464.814453 269.970520	1.900 -18.795 -85.968
weapon_zm_revolver	3097.177734 -1463.624756 269.970734	2.093 -18.691 -85.634
weapon_zm_revolver	1544.602417 -1192.616699 269.970642	2.020 -18.723 -85.761
weapon_zm_revolver	1524.614502 -1193.988037 269.970734	2.105 -18.686 -85.612
weapon_zm_revolver	1504.168213 -1195.379395 269.970520	1.877 -18.778 -86.008
weapon_zm_revolver	1484.998413 -1196.697144 269.970703	2.058 -18.705 -85.694
weapon_zm_revolver	1461.952148 -1195.968750 269.970764	2.113 -18.682 -85.599
weapon_zm_revolver	1440.181152 -1196.456055 269.970642	2.004 -18.733 -85.787
weapon_zm_revolver	3320.568604 -985.315063 601.970642	2.038 -18.713 -85.729
weapon_zm_revolver	3315.913574 -1001.686768 601.970642	2.012 -18.733 -85.774
weapon_zm_revolver	3305.750732 -1018.945251 601.970703	2.082 -18.692 -85.653
weapon_ttt_aug	2504.669922 -1964.174316 269.542023	0.136 9.716 86.939
weapon_ttt_aug	2505.007080 -1934.402100 269.475739	0.166 9.711 86.640
weapon_ttt_aug	170.481094 -919.493225 269.537109	0.199 9.614 87.051
weapon_ttt_aug	126.467590 -915.770020 269.505219	0.266 9.613 87.016
weapon_ttt_sg552	3038.231445 1349.419922 2597.727539	1.346 1.123 -89.352
weapon_ttt_sg552	3200.333740 -2652.574951 278.041626	2.307 1.526 -84.807
weapon_ttt_sg552	3200.566650 -2690.888184 278.044342	2.250 1.569 -84.737
weapon_ttt_sg552	2892.452881 -2526.906982 463.046722	2.200 1.586 -84.676
weapon_ttt_sg552	2886.729980 -2546.987061 463.042267	2.293 1.551 -84.789
weapon_ttt_sg552	2887.473145 -2569.240723 463.043549	2.267 1.560 -84.757
weapon_ttt_sg552	2888.389648 -2596.131592 463.049622	2.140 1.597 -84.603
weapon_ttt_sg552	218.803558 -1587.277466 270.045197	2.233 1.179 -84.716
weapon_ttt_sg552	251.346436 -1590.461670 270.046539	2.205 1.183 -84.682
weapon_ttt_sg552	288.537323 -1590.907471 270.042206	2.295 1.160 -84.791
