# Trouble in Terrorist Town weapon/ammo placement overrides
# For map: ttt_bank_b3
# Exported by: General Butthurt
setting:	replacespawns 1
weapon_ttt_smokegrenade	337.606995 2485.610107 -634.632996	0.000 0.000 0.000
weapon_ttt_smokegrenade	-938.265991 909.000000 -607.000000	0.000 0.000 0.000
weapon_ttt_smokegrenade	-938.265991 884.000000 -607.000000	0.000 0.000 0.000
weapon_ttt_smokegrenade	-938.265991 864.000000 -607.000000	0.000 0.000 0.000
weapon_ttt_smokegrenade	-938.265991 845.000000 -607.000000	0.000 0.000 0.000
weapon_ttt_magnum	881.703857 692.919373 -254.001129	9.218 24.969 74.693
weapon_ttt_magnum	865.003662 693.835144 -253.995789	9.387 25.358 74.281
weapon_ttt_magnum	478.909241 2097.483398 -223.691940	9.491 25.448 73.946
weapon_ttt_magnum	544.705750 2102.802002 -223.691086	9.510 25.441 73.907
weapon_ttt_magnum	1294.637085 2484.713867 -61.990757	9.497 25.300 74.064
weapon_ttt_magnum	1313.193115 2481.764160 -62.021767	8.839 25.602 75.336
weapon_ttt_magnum	1330.876831 2477.159912 -62.023499	8.803 25.615 75.406
weapon_ttt_magnum	1356.494751 2471.825439 -62.011894	9.033 25.529 74.983
weapon_ttt_smg	937.223938 2321.793457 -250.311600	4.927 0.301 1.242
weapon_ttt_smg	937.621948 2342.333740 -250.404266	4.712 0.597 4.629
weapon_ttt_smg	934.957397 2359.437988 -250.399857	4.721 0.582 4.474
weapon_zm_pistol	511.281006 2003.729980 -10.935700	0.000 261.000 0.000
weapon_zm_pistol	1249.260010 1774.869995 -174.462006	-5.961 276.193 -91.508
weapon_zm_pistol	1382.930054 1771.349976 -174.462006	-5.961 276.193 -91.508
weapon_zm_pistol	-816.000000 785.000000 -660.000000	0.000 0.000 73.500
weapon_zm_pistol	1257.229980 1781.160034 -217.619995	-5.961 276.193 -91.508
weapon_zm_pistol	1120.500000 1781.160034 -188.324005	-5.961 276.193 -91.508
weapon_zm_pistol	1459.060059 1650.390015 -190.891998	-5.961 276.193 -91.508
weapon_zm_pistol	652.317993 1869.699951 -189.645004	-5.961 276.193 -91.508
weapon_zm_pistol	825.989990 1894.380005 -149.266998	-5.961 276.193 -91.508
weapon_zm_pistol	665.172974 2453.290039 -189.645004	-5.961 276.193 -91.508
weapon_zm_pistol	127.101997 2397.780029 -149.266998	-5.961 276.193 -91.508
weapon_zm_pistol	126.751999 2086.879883 -189.645004	-5.961 276.193 -91.508
weapon_ttt_pump_shotgun	307.332123 1022.039124 -229.895996	-0.568 -9.000 -89.421
weapon_ttt_pump_shotgun	306.087921 1002.456909 -230.214493	-0.238 10.641 85.137
weapon_ttt_pump_shotgun	119.441132 1445.743164 -254.459656	-0.523 -10.421 -89.707
weapon_ttt_pump_shotgun	119.367752 1480.959839 -254.563965	-0.491 -10.180 -88.869
weapon_ttt_pump_shotgun	119.664124 1520.535400 -254.615860	-0.477 -10.523 -88.455
weapon_ttt_pump_shotgun	119.653755 1559.869385 -254.592957	-0.480 -10.535 -88.644
weapon_ttt_pump_shotgun	120.840935 1602.630737 -254.499924	-0.497 -10.282 -89.631
weapon_ttt_pump_shotgun	122.016495 939.886230 -62.455120	-0.543 -11.416 -89.843
weapon_ttt_pump_shotgun	122.033409 961.779419 -62.501549	-0.490 -10.287 -89.748
weapon_ttt_pump_shotgun	124.656883 990.005554 -62.503605	-0.480 -10.290 -89.897
weapon_ttt_pump_shotgun	119.161331 1020.497437 -62.513340	-0.416 -10.104 -89.595
weapon_ttt_pump_shotgun	119.160812 1048.564453 -62.555759	-0.493 -9.944 -88.935
weapon_ttt_pump_shotgun	271.602539 1635.041870 -32.503712	-0.480 -10.291 -89.905
weapon_ttt_pump_shotgun	743.092407 2438.543945 -33.894131	2.820 -0.554 -0.182
weapon_ttt_pump_shotgun	1215.557739 1660.741821 -62.505997	-0.469 -10.293 -90.070
weapon_ttt_pump_shotgun	1160.174072 1667.386230 -62.502316	-0.486 -10.288 -89.804
weapon_ttt_pump_shotgun	1113.065674 1669.075684 -62.503208	-0.482 -10.290 -89.869
weapon_ttt_pump_shotgun	1325.307495 2022.664307 -32.666447	-0.319 -10.426 -88.032
weapon_ttt_pump_shotgun	1327.522705 1709.638794 -32.493992	-0.539 -10.725 -89.945
weapon_ttt_pump_shotgun	1038.267822 1489.240601 -654.510315	-0.433 -9.745 -89.561
weapon_ttt_pump_shotgun	1037.953369 1471.128418 -654.506104	-0.458 -9.739 -89.513
weapon_ttt_pump_shotgun	1037.569702 1447.563354 -654.549744	-0.471 -18.690 -89.068
weapon_ttt_pump_shotgun	1037.547241 1424.543823 -654.550049	-0.395 -18.798 -89.334
weapon_ttt_pump_shotgun	1424.226807 1013.894226 -254.514832	-0.407 -9.749 -89.612
weapon_ttt_pump_shotgun	2030.087036 1802.435547 -254.586121	-0.484 -9.539 -88.692
weapon_ttt_pump_shotgun	1823.807983 2513.042969 -254.541153	-0.498 -8.113 -89.052
weapon_ttt_pump_shotgun	679.666138 3033.461182 -254.511200	-0.428 -9.745 -89.571
weapon_ttt_pump_shotgun	61.654198 1587.648438 -254.587524	-0.131 -16.774 -88.485
weapon_ttt_pump_shotgun	61.660679 1566.831909 -254.650085	-0.345 -16.682 -88.601
weapon_ttt_pump_shotgun	61.510128 1544.671753 -254.482254	-0.517 -17.884 -89.523
weapon_ttt_pump_shotgun	61.442165 1519.531128 -254.523026	-0.484 -18.800 -89.265
ttt_random_weapon	613.653015 2577.239990 -115.900002	0.000 0.000 0.000
ttt_random_weapon	198.186996 1347.040039 -613.270020	0.000 0.000 0.000
ttt_random_weapon	806.742004 2691.679932 -608.833984	0.000 0.000 0.000
ttt_random_weapon	329.765015 2003.290039 -694.627014	0.000 0.000 0.000
ttt_random_weapon	1966.390015 775.651001 -246.626999	0.000 0.000 0.000
ttt_random_weapon	763.078003 2584.169922 -115.901001	0.000 0.000 0.000
ttt_random_weapon	-883.000000 853.000000 -680.627014	0.000 274.500 73.500
ttt_random_weapon	-881.000000 904.000000 -680.627014	0.000 274.500 73.500
ttt_random_weapon	-840.000000 905.000000 -680.627014	0.000 274.500 73.500
ttt_random_weapon	-844.000000 854.000000 -680.627014	0.000 274.500 73.500
ttt_random_weapon	-912.403992 786.994995 -615.942017	0.000 274.500 73.500
ttt_random_weapon	-912.549011 969.932007 -615.942017	0.000 274.500 73.500
ttt_random_weapon	1404.250000 1035.729980 -246.626999	0.000 90.000 0.000
ttt_random_weapon	1727.910034 2615.379883 -246.626999	0.000 90.000 0.000
ttt_random_weapon	-460.066010 2679.219971 -246.626999	0.000 90.000 0.000
ttt_random_weapon	1281.920044 1887.949951 -643.846008	0.000 0.000 0.000
ttt_random_weapon	1167.060059 2862.320068 -246.626999	0.000 0.000 0.000
ttt_random_weapon	2045.849976 2296.280029 -246.626999	0.000 0.000 0.000
ttt_random_weapon	1994.400024 52.287201 -180.052002	0.000 0.000 0.000
ttt_random_weapon	-369.596985 286.112000 -246.626999	0.000 0.000 0.000
ttt_random_weapon	-806.051025 1915.739990 -246.626999	0.000 0.000 0.000
ttt_random_weapon	113.014000 2714.790039 -246.626999	0.000 0.000 0.000
ttt_random_weapon	302.177002 2503.810059 -629.994995	0.000 0.000 0.000
ttt_random_weapon	835.979980 2660.020020 -590.616028	0.000 0.000 0.000
ttt_random_weapon	1020.020020 2203.600098 -629.994995	0.000 0.000 0.000
ttt_random_weapon	503.171997 934.747009 -686.627014	0.000 0.000 0.000
ttt_random_weapon	-764.797974 1306.900024 -141.617004	0.000 0.000 0.000
ttt_random_weapon	-865.419006 2207.929932 -246.626999	0.000 0.000 0.000
ttt_random_weapon	269.394012 2973.810059 -246.626999	0.000 0.000 0.000
ttt_random_weapon	2194.209961 1542.949951 -141.617004	0.000 0.000 0.000
ttt_random_weapon	2271.120117 218.514999 -246.626999	0.000 0.000 0.000
item_ammo_357_ttt	534.883972 1659.410034 -33.724201	0.000 108.023 0.000
item_ammo_357_ttt	407.917999 808.265015 -32.141399	0.000 106.631 0.000
item_ammo_357_ttt	421.424011 815.161011 -32.141399	0.000 101.988 0.000
item_ammo_357_ttt	404.006012 819.536011 -32.141399	0.000 0.000 0.000
item_ammo_smg1_ttt	102.281685 741.923523 -255.504196	-0.600 0.056 0.062
item_ammo_smg1_ttt	102.325394 768.856812 -255.480316	0.274 0.390 0.481
item_ammo_smg1_ttt	102.341072 795.057983 -255.463852	-0.916 0.164 -0.439
item_ammo_smg1_ttt	102.297379 820.895752 -255.466095	0.479 0.514 0.341
item_ammo_smg1_ttt	889.998962 783.066650 -255.506302	-1.120 0.027 -0.265
item_ammo_smg1_ttt	889.942810 755.029480 -255.501343	-0.897 -0.142 -0.155
item_ammo_smg1_ttt	870.851685 784.084961 -255.476257	-0.201 0.015 -0.176
item_ammo_smg1_ttt	869.295471 753.543030 -255.575577	0.524 -0.004 0.339
item_ammo_smg1_ttt	715.450500 875.494751 -255.469727	0.162 -0.017 -0.139
item_ammo_smg1_ttt	715.889771 906.827087 -255.577698	-0.474 0.004 0.307
item_ammo_smg1_ttt	272.217255 1813.961060 -255.493484	-0.519 -0.094 0.527
item_ammo_smg1_ttt	248.903336 1813.969116 -255.510437	-0.200 -0.016 0.457
item_ammo_smg1_ttt	249.293137 1788.002319 -255.518585	0.085 0.002 -0.174
item_ammo_smg1_ttt	273.651093 1791.452271 -255.492706	0.475 -0.011 -0.375
item_ammo_smg1_ttt	546.175720 1813.891235 -255.481644	0.079 -0.022 0.258
item_ammo_smg1_ttt	570.473938 1814.039551 -255.500504	-0.276 -0.113 0.621
item_ammo_smg1_ttt	594.000488 1814.033569 -255.508850	-0.169 0.200 0.606
item_ammo_smg1_ttt	630.580505 1814.019775 -255.488632	-0.241 0.197 0.516
item_ammo_smg1_ttt	648.808777 1474.242310 -255.489136	-0.578 -0.013 -0.199
item_ammo_smg1_ttt	648.999756 1445.232788 -255.502747	-1.067 0.051 -0.259
item_ammo_smg1_ttt	624.566956 1476.249756 -255.518555	-0.082 -0.002 -0.172
item_ammo_smg1_ttt	628.894958 1444.150757 -255.567398	0.838 -0.001 0.550
item_ammo_smg1_ttt	293.903259 2486.019531 -255.488892	-0.450 0.135 0.510
item_ammo_smg1_ttt	309.527466 2485.936523 -255.488144	-0.166 -0.002 0.384
item_ammo_smg1_ttt	309.887268 2441.150146 -255.486771	0.882 1.420 -0.245
item_ammo_smg1_ttt	109.151741 2328.602051 -190.959915	0.768 1.309 0.526
item_ammo_smg1_ttt	109.424103 2350.505859 -191.032196	0.332 20.605 0.076
item_ammo_smg1_ttt	174.497574 2441.649414 -191.124710	0.151 -0.006 0.086
item_ammo_smg1_ttt	254.665314 698.082031 -63.481075	-0.722 0.033 -0.178
item_ammo_smg1_ttt	234.541031 698.091492 -63.504803	-1.104 0.051 -0.269
item_ammo_smg1_ttt	208.128906 697.998962 -63.588955	0.270 -0.003 0.144
item_ammo_smg1_ttt	172.983200 698.169250 -63.500519	-0.853 0.343 -0.132
item_ammo_smg1_ttt	889.807678 975.994629 -63.525818	-0.516 -0.160 -0.328
item_ammo_smg1_ttt	889.800842 943.456787 -63.475845	-0.557 -0.031 -0.103
item_ammo_smg1_ttt	889.987915 916.433044 -63.490040	-0.781 -0.331 -0.156
item_ammo_smg1_ttt	889.904358 889.984863 -63.498005	-0.837 -0.170 -0.139
item_ammo_smg1_ttt	798.881653 1285.883057 -63.475174	-0.119 -0.306 0.184
item_ammo_smg1_ttt	814.788818 1283.118164 -63.503864	0.912 4.476 0.149
item_ammo_smg1_ttt	828.422913 1285.928223 -63.411484	0.068 0.191 0.464
item_ammo_smg1_ttt	849.492676 1286.081665 -63.529205	0.069 -0.118 0.682
item_ammo_smg1_ttt	878.225830 1286.083374 -63.380482	0.223 0.024 0.997
item_ammo_smg1_ttt	103.267776 1322.644897 -63.616280	-0.079 0.005 0.040
item_ammo_smg1_ttt	102.094719 1348.932495 -63.487389	0.845 0.132 -0.216
item_ammo_smg1_ttt	102.026878 1375.943237 -63.495167	0.811 -0.046 -0.194
item_ammo_smg1_ttt	102.028702 1407.083740 -63.506447	1.077 -0.028 -0.240
item_ammo_smg1_ttt	102.010315 1441.992920 -63.511864	1.055 -0.039 -0.188
item_ammo_smg1_ttt	102.055519 1473.433472 -63.504883	0.899 0.165 -0.133
item_ammo_smg1_ttt	102.019447 1506.550781 -63.480492	0.796 0.316 -0.231
item_ammo_smg1_ttt	694.671509 1680.166260 -63.598251	-0.170 0.005 0.102
item_ammo_smg1_ttt	710.244507 1681.076904 -63.591091	-0.237 0.005 0.147
item_ammo_smg1_ttt	918.165955 1783.261719 -63.595833	0.189 -0.005 0.115
item_ammo_smg1_ttt	936.838928 1787.567017 -63.518326	0.349 -0.033 0.051
item_ammo_smg1_ttt	961.773804 1789.933105 -63.605221	-0.018 -0.033 -0.104
item_ammo_smg1_ttt	988.810059 1789.871704 -63.475815	-0.190 -0.294 0.141
item_ammo_smg1_ttt	918.191223 2220.413574 -255.442642	0.336 -0.029 0.216
item_ammo_smg1_ttt	929.195007 2235.496826 -255.439941	0.035 23.955 0.001
item_ammo_smg1_ttt	927.154419 2261.939941 -255.481903	-0.103 0.016 0.378
item_ammo_smg1_ttt	927.093994 2098.017578 -255.526764	-0.641 -0.168 -0.555
item_ammo_smg1_ttt	950.392395 2098.076416 -255.499969	-0.808 0.057 -0.195
item_ammo_smg1_ttt	965.442810 2098.247803 -255.562943	1.104 0.002 0.728
item_ammo_smg1_ttt	918.105103 2384.538574 -255.505524	0.311 0.106 0.174
item_ammo_smg1_ttt	919.671997 2410.086914 -255.506897	-0.436 -0.024 0.774
item_ammo_smg1_ttt	932.834656 2384.969238 -255.525436	-0.568 0.014 0.259
item_ammo_smg1_ttt	935.169678 2409.153809 -255.480164	0.249 -0.014 -0.211
item_ammo_smg1_ttt	339.083221 1162.235840 -655.495850	-1.112 0.458 -0.337
item_ammo_smg1_ttt	358.608337 1162.233887 -655.469971	-0.697 0.481 -0.237
item_ammo_smg1_ttt	384.110443 1162.211914 -655.514526	-0.833 0.377 -0.023
item_ammo_smg1_ttt	400.958313 1162.242188 -655.476624	-0.726 0.411 -0.211
item_ammo_smg1_ttt	420.909088 1162.176147 -655.489502	-0.953 0.348 -0.274
item_ammo_smg1_ttt	435.781952 1162.190552 -655.480286	-0.792 0.306 -0.230
item_ammo_smg1_ttt	-266.152618 699.864319 -695.452515	0.116 0.546 0.185
item_ammo_smg1_ttt	-249.403198 699.919800 -695.502686	-0.310 0.489 0.245
item_ammo_smg1_ttt	-234.150391 699.836914 -695.476929	0.071 0.351 0.258
item_ammo_smg1_ttt	-274.012878 1060.518799 -695.490234	0.415 0.443 -0.044
item_ammo_smg1_ttt	-254.574234 1061.672119 -695.470032	-0.374 0.027 0.477
item_ammo_smg1_ttt	-230.731522 1061.696045 -695.492859	-0.140 0.358 0.478
item_ammo_smg1_ttt	-211.220093 1061.684814 -695.498230	-0.101 0.371 0.472
item_ammo_smg1_ttt	1049.845581 2018.699829 -703.464783	-0.288 -0.580 -0.035
item_ammo_smg1_ttt	1049.974243 1995.212158 -703.460449	-1.254 0.032 -0.322
item_ammo_smg1_ttt	1049.847290 1968.549194 -703.505920	-0.793 0.002 -0.055
item_ammo_smg1_ttt	-262.739960 2902.039307 -703.494690	-0.252 0.162 0.565
item_ammo_smg1_ttt	-234.576294 2902.031982 -703.448669	-0.695 0.460 0.545
item_ammo_smg1_ttt	-210.918610 2901.953613 -703.436707	-0.637 -0.013 0.425
item_ammo_smg1_ttt	-190.273254 2902.047119 -703.484314	-0.140 -0.041 0.683
item_ammo_smg1_ttt	73.881226 1775.454346 -255.480499	-0.496 -0.488 -0.058
item_ammo_smg1_ttt	73.888069 1748.878296 -255.504288	-0.509 -0.394 -0.045
item_ammo_smg1_ttt	73.739799 1729.076538 -255.547379	0.057 -0.296 0.340
item_ammo_smg1_ttt	73.872055 1693.209717 -255.465317	-0.371 -0.594 -0.051
item_ammo_smg1_ttt	73.961861 1659.363892 -255.513535	-0.975 -0.157 -0.124
item_ammo_smg1_ttt	73.952209 1626.179077 -255.404022	-1.142 -0.076 -0.132
weapon_ttt_m16	1615.410034 1879.119995 -171.453003	-19.501 90.000 -90.000
weapon_ttt_m16	687.796997 1533.369995 -251.266998	-19.501 90.000 -90.000
weapon_ttt_m16	-777.000000 784.000000 -627.000000	0.000 0.000 73.500
weapon_ttt_m16	1120.719971 1773.819946 -171.503006	0.000 0.000 0.000
weapon_ttt_m16	857.161987 1923.939941 -146.307007	0.000 154.500 0.000
weapon_ttt_m16	624.791809 1663.175781 -255.155151	2.176 -6.175 84.033
weapon_ttt_m16	626.302917 1645.859253 -255.170868	2.258 -6.193 84.153
weapon_ttt_m16	1216.346680 2028.055908 -33.171291	2.301 -6.328 84.148
weapon_ttt_p90	109.706245 710.217407 -254.720581	0.440 1.472 -87.393
weapon_ttt_p90	110.143669 688.325928 -254.665939	-0.173 1.514 -88.350
weapon_ttt_p90	314.092377 1801.086914 -254.532471	-0.525 0.951 -88.737
weapon_ttt_p90	314.283539 1777.444336 -254.696350	-0.034 1.374 -87.723
weapon_ttt_p90	313.780640 1754.481567 -254.692810	-0.097 1.379 -87.774
weapon_ttt_p90	312.647278 1734.308105 -254.711380	0.235 1.350 -87.507
weapon_ttt_p90	135.013535 2338.854736 -190.254990	0.636 1.701 -87.184
weapon_ttt_p90	136.218460 2363.364746 -190.242645	0.654 1.226 -87.472
weapon_ttt_p90	702.250488 1278.069336 -62.708500	0.184 1.353 -87.548
weapon_ttt_p90	736.512085 1282.488647 -62.693325	0.048 0.530 -87.829
weapon_ttt_p90	769.381775 1280.370728 -62.709255	0.197 1.353 -87.537
weapon_ttt_p90	563.333862 1942.311890 -32.687862	0.127 1.468 -87.990
weapon_ttt_p90	459.729065 1684.309204 -32.719387	0.631 1.804 -87.508
weapon_ttt_p90	1074.939819 2090.220459 -254.705154	0.679 0.994 -87.853
weapon_ttt_p90	1019.212708 2088.080322 -254.674683	0.476 1.493 -87.614
weapon_ttt_p90	1041.349731 2130.166260 -702.713013	0.667 -0.282 -87.668
weapon_ttt_p90	1041.352539 2103.435547 -702.732544	0.618 -0.018 -87.296
weapon_ttt_p90	1041.169678 2076.092285 -702.724854	0.649 0.339 -87.392
weapon_ttt_p90	1041.274292 2047.170654 -702.710083	0.671 0.173 -87.737
weapon_ttt_p90	-290.125061 2816.169189 -702.725159	0.649 4.272 -87.386
weapon_ttt_p90	-290.122925 2842.435059 -702.979858	1.333 4.137 -85.535
weapon_ttt_p90	-290.405426 2863.019043 -702.977051	1.345 2.598 -85.630
weapon_ttt_p90	65.145744 1482.245972 -254.724182	0.650 2.416 -87.408
weapon_ttt_p90	65.286232 1449.005615 -254.697647	0.690 -0.185 -88.029
weapon_ttt_p90	65.171265 1412.062256 -254.716766	0.661 2.218 -87.581
weapon_ttt_p90	65.187706 1384.183716 -254.927521	1.210 3.029 -85.981
item_box_buckshot_ttt	1365.280029 1774.290039 -175.891006	0.000 282.000 0.000
item_box_buckshot_ttt	1354.000000 1782.000000 -175.891006	0.000 235.500 0.000
item_box_buckshot_ttt	-350.000000 1222.000000 -243.705994	0.000 62.000 0.000
item_box_buckshot_ttt	100.199562 1038.047852 -255.614197	-1.226 -0.015 1.075
item_box_buckshot_ttt	99.834946 1049.178711 -255.552124	0.690 -0.034 -0.230
item_box_buckshot_ttt	99.921349 1064.084351 -255.538818	0.477 -0.053 -0.161
item_box_buckshot_ttt	99.961952 1079.200317 -255.512207	0.404 0.063 0.000
item_box_buckshot_ttt	99.902596 1093.867188 -255.563370	0.684 -0.082 -0.345
item_box_buckshot_ttt	99.952850 1109.928711 -255.508331	0.208 -0.041 -0.089
item_box_buckshot_ttt	99.926643 1025.645752 -255.541412	0.726 -0.029 -0.404
item_box_buckshot_ttt	103.372139 902.411255 -63.652634	0.716 0.003 -0.572
item_box_buckshot_ttt	102.221367 912.803589 -63.615837	-0.785 -0.006 0.720
item_box_buckshot_ttt	101.658714 922.986023 -63.530823	0.964 -0.590 -0.191
item_box_buckshot_ttt	115.739777 903.734924 -63.600250	-0.886 -0.015 0.788
item_box_buckshot_ttt	113.336990 915.184265 -63.579704	-0.717 -0.005 0.637
item_box_buckshot_ttt	113.472252 926.065613 -63.583977	-0.751 -0.006 0.667
item_box_buckshot_ttt	124.771965 903.074829 -63.623089	0.477 0.018 -0.299
item_box_buckshot_ttt	125.384552 917.005188 -63.618595	-0.240 0.001 0.281
item_box_buckshot_ttt	123.209747 929.052917 -63.603825	-0.915 -0.009 0.817
item_box_buckshot_ttt	133.448669 900.060913 -63.655746	0.617 0.003 -0.491
item_box_buckshot_ttt	136.579987 918.726685 -63.561657	-0.574 -0.006 0.512
item_box_buckshot_ttt	134.025101 932.732666 -63.644665	1.048 0.000 -0.843
item_box_buckshot_ttt	1061.801270 1640.755493 -63.581120	-0.729 -0.005 0.647
item_box_buckshot_ttt	1039.354736 1637.421387 -63.547585	0.544 -0.526 0.186
item_box_buckshot_ttt	1020.043457 1637.845215 -63.533661	-0.260 -1.341 0.761
item_box_buckshot_ttt	1002.146301 1637.737671 -63.553295	-0.660 -0.656 1.302
item_box_buckshot_ttt	985.997437 1638.044678 -63.511982	0.609 -0.553 -0.157
item_box_buckshot_ttt	1073.659180 1637.854004 -63.551979	-0.495 -1.314 1.163
item_box_buckshot_ttt	1100.575439 1637.896484 -63.535194	1.698 -0.693 -0.684
item_box_buckshot_ttt	1088.645508 1637.781738 -63.517910	-0.720 -0.453 0.913
item_box_buckshot_ttt	1115.040039 1637.911621 -63.541412	1.568 -0.590 -0.514
item_box_buckshot_ttt	1052.011963 1395.396484 -655.514648	-0.042 -1.297 -0.432
item_box_buckshot_ttt	1052.081299 1372.149780 -655.498840	-0.868 0.006 -0.693
item_box_buckshot_ttt	1051.921753 1358.706909 -655.548828	-0.388 0.831 -1.240
item_box_buckshot_ttt	1052.000610 1344.111572 -655.540710	-0.352 0.481 -1.089
item_box_buckshot_ttt	1051.824585 1320.762695 -655.593811	-0.944 0.106 -0.284
item_box_buckshot_ttt	1051.999634 1378.361816 -650.863281	0.445 0.566 -89.864
item_box_buckshot_ttt	1043.118530 1392.423096 -655.624573	-0.508 0.019 -0.356
item_box_buckshot_ttt	1044.459106 1374.764038 -655.548462	1.458 0.122 0.410
item_box_buckshot_ttt	1044.340454 1357.340210 -655.517578	-0.000 -0.660 0.369
item_box_buckshot_ttt	1036.480469 1351.911011 -655.530212	0.717 41.476 0.016
item_box_buckshot_ttt	1044.234741 1325.261597 -655.548584	1.522 -0.005 -0.391
weapon_ttt_galil	676.435181 885.599670 -229.932465	-0.313 -12.166 -90.135
weapon_ttt_galil	674.018433 872.553284 -230.226089	0.851 -7.428 -87.733
weapon_ttt_galil	473.673798 2143.333252 -224.942474	-1.549 9.904 86.722
weapon_ttt_galil	875.060791 1099.288818 -62.770298	-0.480 -19.679 -88.639
weapon_ttt_galil	875.053284 1074.930908 -62.788692	-0.509 -20.381 -88.523
weapon_ttt_galil	875.625427 1044.625366 -62.822083	0.787 -7.940 -87.754
weapon_ttt_galil	872.022827 1003.138733 -62.867966	0.934 -8.425 -87.442
weapon_ttt_galil	673.655823 1958.359741 -32.879185	0.970 -8.422 -87.366
weapon_ttt_galil	499.852386 2178.619629 -32.878689	0.974 -3.354 -87.375
weapon_ttt_galil	706.830139 1738.946899 -62.848358	0.872 -8.436 -87.576
weapon_ttt_galil	708.872437 1706.097290 -62.839813	0.845 -8.439 -87.634
weapon_ttt_galil	943.055725 1673.870605 -62.804462	0.733 -8.458 -87.875
weapon_ttt_galil	941.259216 1719.544312 -62.891468	1.009 -8.419 -87.283
weapon_ttt_galil	1554.416992 1695.819336 -32.795376	0.701 -9.450 -87.934
weapon_ttt_galil	1605.138672 2000.120605 -33.050442	21.966 -0.770 -9.715
weapon_ttt_galil	1379.477783 1992.155640 -32.755203	0.212 -0.518 -89.061
weapon_ttt_galil	-84.435486 1064.748169 -695.316162	0.616 -0.147 86.723
weapon_ttt_galil	-85.974571 1029.589600 -695.178284	-1.583 16.948 87.103
weapon_ttt_galil	-87.826012 992.837524 -695.185120	-1.686 12.988 87.034
weapon_ttt_galil	-279.704773 2729.576416 -703.235657	-1.489 -0.319 86.765
weapon_ttt_galil	-279.761078 2750.831299 -703.175964	-1.692 0.135 87.147
weapon_ttt_galil	1422.393433 443.649170 -255.215424	-1.496 21.992 86.919
weapon_ttt_galil	1150.781250 1449.457520 -255.208939	-1.581 21.987 86.957
weapon_ttt_galil	1927.351196 2156.069092 -255.219711	-1.468 21.992 86.898
weapon_ttt_galil	2265.444580 2957.558838 -255.208038	-1.559 21.986 86.963
weapon_ttt_galil	1133.111694 2517.197021 -254.145004	4.262 -0.119 23.290
weapon_ttt_galil	50.404968 2410.340088 -255.204025	-1.445 21.982 86.989
weapon_ttt_galil	2.310803 2410.998291 -255.203415	-1.405 21.981 86.992
weapon_ttt_famas	881.760010 844.755920 -254.870773	0.187 15.331 90.288
weapon_ttt_famas	880.211243 818.947144 -254.817047	0.000 16.868 90.000
weapon_ttt_famas	348.832703 2494.248779 -254.817047	0.000 16.513 90.000
weapon_ttt_famas	386.250214 2488.318848 -254.817047	0.000 16.513 90.000
weapon_ttt_famas	435.248077 2491.468262 -254.817047	0.000 16.513 90.000
weapon_ttt_famas	881.780884 1235.730835 -62.832603	0.036 14.525 90.000
weapon_ttt_famas	877.640015 1216.346558 -62.817047	-0.000 16.877 90.000
weapon_ttt_famas	876.713013 1191.409302 -62.817055	0.000 16.869 90.000
weapon_ttt_famas	875.769592 1164.523560 -62.817055	0.000 16.870 90.000
weapon_ttt_famas	758.166138 1516.893555 -31.313688	-0.000 -18.802 -90.000
weapon_ttt_famas	-79.161736 710.076233 -694.612366	-0.000 -14.031 -90.000
weapon_ttt_famas	-119.867447 690.921997 -699.470154	16.398 0.203 0.781
weapon_ttt_famas	-178.968918 698.938293 -698.534546	12.915 6.851 38.150
weapon_ttt_famas	-915.417419 2390.272461 -254.817062	0.000 16.040 90.000
weapon_ttt_famas	-819.015259 1374.542236 -254.719681	0.001 -13.771 -89.314
weapon_ttt_famas	65.695953 1000.196350 -254.735413	-0.015 -15.638 -89.228
weapon_ttt_famas	1079.784790 467.374573 -254.817047	0.000 15.725 90.000
ttt_random_ammo	1616.000000 1874.000000 -223.498993	0.000 0.000 0.000
ttt_random_ammo	1616.000000 1896.000000 -223.498993	0.000 0.000 0.000
ttt_random_ammo	1616.000000 1916.000000 -223.498993	0.000 89.000 0.000
ttt_random_ammo	1616.000000 1916.000000 -196.000000	0.000 90.500 0.000
ttt_random_ammo	1616.000000 1874.000000 -196.000000	0.000 0.000 0.000
ttt_random_ammo	1616.000000 1896.000000 -196.000000	0.000 0.000 0.000
ttt_random_ammo	1616.000000 1916.000000 -246.000000	0.000 90.000 0.000
ttt_random_ammo	1616.000000 1874.000000 -246.000000	0.000 0.000 0.000
ttt_random_ammo	1616.000000 1896.000000 -246.000000	0.000 0.000 0.000
ttt_random_ammo	607.193970 2175.570068 -33.999401	0.000 0.000 0.000
ttt_random_ammo	722.403992 2217.780029 -63.999401	0.000 0.000 0.000
ttt_random_ammo	666.664001 2466.919922 -63.999401	0.000 0.000 0.000
ttt_random_ammo	507.347992 1851.060059 -63.999401	0.000 0.000 0.000
ttt_random_ammo	610.018005 1905.939941 -33.999401	0.000 0.000 0.000
ttt_random_ammo	940.468994 2448.350098 -255.998993	0.000 0.000 0.000
ttt_random_ammo	1514.000000 1648.000000 -204.044006	0.000 0.000 0.000
ttt_random_ammo	1265.599976 1650.949951 -231.322998	0.000 0.000 0.000
ttt_random_ammo	689.827026 1614.420044 -215.998993	0.000 90.000 0.000
ttt_random_ammo	685.500000 1364.930054 -215.998993	0.000 90.000 0.000
ttt_random_ammo	842.822021 1234.439941 -215.998993	0.000 180.000 0.000
ttt_random_ammo	144.167007 1899.260010 -135.046997	0.000 0.000 0.000
ttt_random_ammo	795.854980 2678.030029 -618.206970	0.000 0.000 0.000
ttt_random_ammo	929.562012 1551.959961 -605.218994	0.000 0.000 0.000
ttt_random_ammo	472.895996 931.961975 -695.999023	0.000 0.000 0.000
ttt_random_ammo	689.935974 1924.609985 -653.218994	0.000 0.000 0.000
ttt_random_ammo	546.289978 2248.239990 -225.414993	0.000 0.000 0.000
ttt_random_ammo	670.918030 2588.810059 -164.988007	0.000 98.000 0.000
ttt_random_ammo	711.833008 2560.719971 -164.391006	0.000 287.000 0.000
ttt_random_ammo	646.552979 2631.489990 -168.563004	0.000 264.000 0.000
ttt_random_ammo	625.767029 2558.679932 -165.518997	0.000 132.000 0.000
ttt_random_ammo	728.385010 2631.340088 -169.852997	0.000 242.000 0.000
ttt_random_ammo	717.500000 2588.770020 -125.273003	0.000 98.000 0.000
ttt_random_ammo	690.375000 1479.339966 -255.998993	0.000 90.000 0.000
ttt_random_ammo	-333.407013 1172.099976 -243.998993	0.000 0.000 0.000
ttt_random_ammo	192.925003 2249.040039 -255.998993	0.000 98.000 0.000
ttt_random_ammo	800.374023 1230.469971 -254.998993	0.000 287.000 0.000
ttt_random_ammo	190.835999 1303.069946 -662.999023	0.000 264.000 0.000
ttt_random_ammo	292.076996 1978.959961 -702.999023	0.000 132.000 0.000
ttt_random_ammo	778.531006 2767.860107 -702.999023	0.000 242.000 0.000
ttt_random_ammo	29.662300 2714.010010 -702.999023	0.000 159.000 0.000
ttt_random_ammo	195.052994 2071.870117 -255.998993	0.000 205.000 0.000
ttt_random_ammo	547.888977 2473.889893 -255.998993	0.000 168.000 0.000
ttt_random_ammo	466.708008 2336.199951 -225.414993	0.000 168.000 0.000
ttt_random_ammo	201.602997 1983.770020 -254.998993	0.000 118.000 0.000
ttt_random_ammo	1566.790039 1667.359985 -254.998993	0.000 113.000 0.000
ttt_random_ammo	849.507019 1509.180054 -62.999401	0.000 38.000 0.000
ttt_random_ammo	525.304993 915.030029 -62.999401	0.000 7.000 0.000
ttt_random_ammo	172.110992 2056.350098 -63.999401	0.000 276.000 0.000
ttt_random_ammo	1061.910034 2334.719971 -31.128599	0.000 276.000 0.000
ttt_random_ammo	1220.939941 2469.969971 -62.999401	0.000 73.000 0.000
ttt_random_ammo	-764.000000 970.854980 -599.000000	0.000 0.000 0.000
ttt_random_ammo	-801.125000 970.570007 -599.000000	0.000 0.000 0.000
ttt_random_ammo	-845.504028 969.706970 -599.000000	0.000 0.000 0.000
ttt_random_ammo	-844.504028 969.706970 -625.000000	0.000 0.000 0.000
ttt_random_ammo	-800.125000 970.570007 -625.000000	0.000 0.000 0.000
ttt_random_ammo	-763.000000 970.854980 -625.000000	0.000 0.000 0.000
ttt_random_ammo	-845.504028 969.706970 -653.000000	0.000 0.000 0.000
ttt_random_ammo	-801.125000 970.570007 -653.000000	0.000 0.000 0.000
ttt_random_ammo	-764.000000 970.854980 -653.000000	0.000 0.000 0.000
ttt_random_ammo	-583.187988 1046.829956 -620.999023	0.000 0.000 0.000
ttt_random_ammo	-610.330994 1047.219971 -620.999023	0.000 0.000 0.000
ttt_random_ammo	-689.713013 1018.109985 -625.314026	0.000 0.000 0.000
ttt_random_ammo	-722.023010 1037.310059 -625.314026	0.000 0.000 0.000
ttt_random_ammo	-758.166992 1038.119995 -625.314026	0.000 0.000 0.000
ttt_random_ammo	-755.366028 1010.840027 -625.314026	0.000 0.000 0.000
ttt_random_ammo	-719.437012 1015.309998 -625.314026	0.000 0.000 0.000
ttt_random_ammo	-691.903992 1040.180054 -625.314026	0.000 0.000 0.000
ttt_random_ammo	-788.101990 1014.809998 -625.314026	0.000 0.000 0.000
ttt_random_ammo	-787.122009 1042.010010 -625.314026	0.000 0.000 0.000
ttt_random_ammo	-690.862000 737.812988 -625.314026	0.000 0.000 0.000
ttt_random_ammo	-688.244019 710.539001 -625.314026	0.000 0.000 0.000
ttt_random_ammo	-717.343994 713.950989 -625.314026	0.000 0.000 0.000
ttt_random_ammo	-717.617004 736.551025 -625.314026	0.000 0.000 0.000
ttt_random_ammo	-750.609985 734.254028 -625.314026	0.000 0.000 0.000
ttt_random_ammo	-754.632019 709.914978 -625.314026	0.000 0.000 0.000
ttt_random_ammo	-785.416992 710.101013 -625.314026	0.000 0.000 0.000
ttt_random_ammo	-784.257019 738.138977 -625.314026	0.000 0.000 0.000
weapon_zm_rifle	322.181000 2039.939941 -618.841003	0.000 0.000 90.000
weapon_zm_rifle	406.738007 788.086975 -28.491699	0.000 20.500 90.000
weapon_zm_rifle	-814.875000 791.090027 -593.585999	0.000 0.000 73.500
weapon_zm_mac10	744.526978 2730.350098 -613.736023	0.000 0.000 90.000
weapon_zm_mac10	-816.000000 785.000000 -627.000000	0.000 0.000 73.500
weapon_zm_mac10	637.364929 1524.407104 -254.776230	-0.747 -51.675 -88.144
weapon_zm_mac10	637.511658 1502.725830 -254.766205	-0.723 -51.675 -88.221
weapon_zm_mac10	444.648499 1951.704712 -32.769070	-0.730 -51.675 -88.199
ttt_playerspawn	480.077240 1573.098755 -255.504272	-0.010 0.000 -0.010
ttt_playerspawn	178.407074 1173.834473 -255.499664	-0.010 -0.000 0.010
ttt_playerspawn	471.209106 846.830994 -255.495255	-0.009 -0.000 0.009
ttt_playerspawn	307.370056 1838.719971 -63.478477	0.037 -0.070 -0.351
ttt_playerspawn	266.426544 1436.573608 -63.493832	-0.009 -0.000 0.009
ttt_playerspawn	373.568085 2303.647217 -63.461525	-0.006 -0.000 0.006
ttt_playerspawn	286.291840 883.413513 -63.524979	-0.012 -0.000 0.012
ttt_playerspawn	305.196442 1167.180786 -63.492428	-0.009 -0.000 0.009
ttt_playerspawn	266.077545 1033.482056 -63.452133	-0.005 -0.000 0.005
ttt_playerspawn	748.127441 971.412537 -63.418922	0.060 -173.366 -0.001
ttt_playerspawn	753.946350 1079.784912 -63.452038	-0.001 -175.122 0.166
ttt_playerspawn	774.272400 1170.775146 -63.473846	-0.002 -171.111 0.237
ttt_playerspawn	813.878052 2378.922119 -63.447353	0.151 -150.691 -0.001
ttt_playerspawn	807.579224 2232.950928 -63.447208	-0.001 -156.369 0.151
ttt_playerspawn	799.224487 2119.066162 -63.439362	0.126 -148.090 0.001
ttt_playerspawn	822.551636 1977.270996 -63.420715	-0.000 -176.513 -0.066
ttt_playerspawn	808.668884 1862.035400 -63.475655	-0.086 -165.867 0.006
ttt_playerspawn	1349.176147 2361.562744 -63.437073	-0.121 -57.683 -0.004
ttt_playerspawn	1628.586060 2151.959717 -63.460484	0.193 -115.044 -0.001
ttt_playerspawn	1621.418091 1849.332397 -63.447365	-0.000 -164.250 -0.151
ttt_playerspawn	1339.700928 1829.025757 -63.507477	-0.011 -0.000 0.011
ttt_playerspawn	1042.970581 1711.768555 -63.554382	-0.015 -0.000 0.015
ttt_playerspawn	1002.039673 2138.762695 -63.451355	-0.005 -0.000 0.005
ttt_playerspawn	810.359924 1389.642822 -655.425171	0.001 135.234 -0.080
ttt_playerspawn	415.360718 1328.090332 -655.439148	-0.125 40.621 0.001
ttt_playerspawn	830.627869 1981.064941 -703.440125	0.065 -162.248 0.013
ttt_playerspawn	481.598877 2039.307129 -703.474365	-0.073 -0.000 0.073
ttt_playerspawn	452.391815 2431.276367 -703.481384	-0.080 -0.000 0.080
ttt_playerspawn	830.467407 2419.238770 -703.404968	0.015 -143.273 -0.000
ttt_playerspawn	620.977356 1381.619751 -655.427979	-0.001 78.874 -0.089
weapon_ttt_p228	642.093201 1396.959473 -255.832230	36.339 0.430 0.237
weapon_ttt_p228	646.543274 1389.852295 -255.898483	17.672 -1.113 0.113
weapon_ttt_p228	644.565125 1378.785767 -255.845352	36.406 0.469 0.302
weapon_ttt_p228	648.201843 1370.267700 -255.985291	0.437 -0.381 0.743
weapon_ttt_p228	648.200134 1359.420166 -256.011536	0.683 -0.183 1.124
weapon_ttt_p228	880.567688 1401.078735 -63.860889	36.486 0.514 0.379
weapon_ttt_p228	889.202148 1386.439697 -63.980103	0.384 -0.484 0.583
weapon_ttt_p228	883.286377 1374.295410 -63.857494	36.469 0.504 0.362
weapon_ttt_p228	885.107056 1359.648804 -63.854248	36.452 0.495 0.346
weapon_ttt_p228	926.984558 1962.880859 -63.853199	36.447 0.492 0.341
weapon_ttt_p228	924.731628 1977.250366 -63.832226	36.339 0.430 0.237
weapon_ttt_p228	923.754211 1989.872192 -63.830097	36.328 0.424 0.226
weapon_ttt_p228	925.881287 2005.228149 -63.823078	36.292 0.404 0.191
weapon_ttt_p228	923.095215 2022.655273 -63.836777	36.363 0.444 0.259
weapon_ttt_p228	922.038330 2043.744873 -63.841763	36.388 0.458 0.284
weapon_ttt_p228	918.414856 2064.863281 -63.829411	36.325 0.422 0.223
weapon_ttt_p228	-292.646423 2680.489990 -703.803467	36.300 0.386 0.038
weapon_ttt_p228	-292.067688 2686.059814 -703.814026	36.413 0.398 0.059
weapon_ttt_p228	-292.399384 2697.839844 -703.838806	36.679 0.428 0.108
weapon_ttt_p228	-295.164856 2691.893555 -703.834045	36.629 0.422 0.098
weapon_ttt_p228	-294.719421 2705.112305 -703.825806	36.540 0.412 0.082
item_ammo_pistol_ttt	1372.000000 1776.000000 -243.705994	0.000 242.000 0.000
item_ammo_pistol_ttt	1394.000000 1774.000000 -245.516998	0.000 159.000 0.000
item_ammo_pistol_ttt	888.449646 1107.408936 -255.609436	0.353 0.223 -0.378
item_ammo_pistol_ttt	892.806152 1080.304321 -255.536942	-0.536 0.100 -0.353
item_ammo_pistol_ttt	892.727356 1046.207886 -255.560684	-0.318 0.135 -0.403
item_ammo_pistol_ttt	892.705078 1011.028015 -255.539093	-0.177 0.383 -0.303
item_ammo_pistol_ttt	99.229263 1725.512329 -255.575439	0.235 -0.073 -0.167
item_ammo_pistol_ttt	99.260132 1749.845703 -255.554993	0.005 0.011 -0.261
item_ammo_pistol_ttt	106.614296 1723.374390 -255.647888	-0.128 -0.019 -0.039
item_ammo_pistol_ttt	107.770447 1749.419434 -255.600266	-0.087 -0.020 -0.026
item_ammo_pistol_ttt	118.954376 1724.948486 -255.635178	-0.117 -0.019 -0.035
item_ammo_pistol_ttt	120.953018 1750.369995 -255.625443	-0.109 -0.019 -0.033
item_ammo_pistol_ttt	130.515396 1722.771729 -255.616409	-0.101 -0.019 -0.030
item_ammo_pistol_ttt	133.789825 1747.580688 -255.661804	-0.140 -0.019 -0.042
item_ammo_pistol_ttt	646.795471 1616.348999 -255.641388	-0.123 -0.019 -0.037
item_ammo_pistol_ttt	649.460388 1595.075195 -255.623581	-0.107 -0.019 -0.032
item_ammo_pistol_ttt	633.128113 1618.129150 -255.583847	-0.072 -0.020 -0.022
item_ammo_pistol_ttt	635.129333 1593.278320 -255.659393	-0.138 -0.019 -0.042
item_ammo_pistol_ttt	892.847534 2253.009766 -255.639908	-0.123 -0.008 -0.023
item_ammo_pistol_ttt	892.847595 2227.668213 -255.635666	-0.238 -0.024 -0.100
item_ammo_pistol_ttt	881.568604 2252.717773 -255.618164	-0.102 -0.020 -0.031
item_ammo_pistol_ttt	881.205811 2227.976807 -255.619934	-0.104 -0.020 -0.031
item_ammo_pistol_ttt	864.720093 2255.706787 -255.643524	-0.124 -0.019 -0.038
item_ammo_pistol_ttt	868.353149 2232.190186 -255.645691	-0.126 -0.019 -0.038
item_ammo_pistol_ttt	99.250595 1537.711182 -63.549538	0.342 -0.138 -0.203
item_ammo_pistol_ttt	99.251495 1561.961182 -63.552597	0.133 -0.078 -0.291
item_ammo_pistol_ttt	99.222939 1585.754639 -63.570103	0.298 -0.221 -0.352
item_ammo_pistol_ttt	99.199356 1616.058960 -63.599712	0.404 -0.088 -0.127
item_ammo_pistol_ttt	99.234444 1666.916382 -63.555111	0.358 -0.152 -0.234
item_ammo_pistol_ttt	99.298401 1645.135010 -63.524422	-0.021 0.000 -0.157
item_ammo_pistol_ttt	99.224525 1690.479004 -63.555725	0.527 -0.203 -0.184
item_ammo_pistol_ttt	99.240349 1717.508911 -63.548752	0.472 -0.178 -0.156
item_ammo_pistol_ttt	99.249260 1739.989624 -63.550552	0.286 -0.159 -0.228
item_ammo_pistol_ttt	1140.517822 1790.303589 -63.552235	-0.284 0.409 -0.423
item_ammo_pistol_ttt	1152.463989 1790.176025 -63.513176	-0.349 -3.741 -0.156
item_ammo_pistol_ttt	1130.844604 1790.130371 -63.567150	-0.321 1.078 -0.533
item_ammo_pistol_ttt	1001.590637 1790.094849 -63.501308	-0.000 -2.339 0.000
item_ammo_pistol_ttt	1012.276733 1790.238770 -63.513699	-1.043 0.176 -0.418
item_ammo_pistol_ttt	1026.852539 1790.279053 -63.537594	0.010 0.749 -0.230
item_ammo_pistol_ttt	924.563416 2262.333008 -63.561470	-0.188 0.470 -0.361
item_ammo_pistol_ttt	937.937927 2262.205566 -63.537331	-0.384 0.501 -0.350
item_ammo_pistol_ttt	954.093750 2262.311768 -63.543110	-0.233 0.387 -0.346
item_ammo_pistol_ttt	968.982178 2262.357422 -63.568985	-0.213 0.300 -0.414
item_ammo_pistol_ttt	979.720642 2262.222168 -63.538315	-0.334 0.482 -0.346
item_ammo_pistol_ttt	988.671875 2262.206055 -63.535046	-0.385 0.499 -0.329
item_ammo_pistol_ttt	1006.740601 2262.191162 -63.555244	-0.343 0.693 -0.462
item_ammo_pistol_ttt	1020.150024 2262.239502 -63.547955	-0.234 0.609 -0.380
item_ammo_pistol_ttt	1031.116211 2262.179688 -63.545719	-0.335 0.805 -0.398
item_ammo_pistol_ttt	1043.648560 2262.234375 -63.552383	-0.243 0.698 -0.411
item_ammo_pistol_ttt	1063.310181 2262.214111 -63.575047	-0.340 0.723 -0.590
item_ammo_pistol_ttt	1077.544922 2262.157959 -63.562607	-0.355 0.904 -0.514
item_ammo_pistol_ttt	1579.841187 2197.905273 -255.641388	-0.122 -0.019 -0.037
item_ammo_pistol_ttt	1580.600098 2176.256592 -255.598770	-0.085 -0.020 -0.026
item_ammo_pistol_ttt	1568.280640 2201.669189 -255.581100	-0.089 0.057 -0.070
item_ammo_pistol_ttt	1570.500610 2174.618652 -255.625977	0.406 -0.051 0.012
item_ammo_pistol_ttt	1559.702637 2199.796875 -255.647888	-0.128 -0.019 -0.039
item_ammo_pistol_ttt	1560.120117 2176.955322 -255.641388	-0.122 -0.019 -0.037
item_ammo_pistol_ttt	1115.410767 1953.157227 -63.556667	-0.407 0.463 -0.492
item_ammo_pistol_ttt	1096.269409 1953.234741 -63.542995	-0.376 0.255 -0.383
item_ammo_pistol_ttt	1080.414429 1953.222046 -63.564720	-0.333 0.399 -0.521
item_ammo_pistol_ttt	1062.811401 1953.215332 -63.551304	-0.382 0.560 -0.449
item_ammo_pistol_ttt	1045.010986 1953.204468 -63.557041	-0.406 0.623 -0.494
item_ammo_pistol_ttt	1015.809875 1953.255371 -63.536896	-0.265 0.554 -0.318
item_ammo_pistol_ttt	1031.253662 1953.285767 -63.600372	-0.228 0.280 -0.438
item_ammo_pistol_ttt	1125.621460 1953.201782 -63.578125	-0.283 0.508 -0.592
item_ammo_pistol_ttt	1136.130371 1953.228882 -63.573898	-0.291 0.483 -0.567
item_ammo_pistol_ttt	804.413696 1188.908569 -655.669250	-0.147 -0.018 -0.044
item_ammo_pistol_ttt	781.162598 1192.104492 -655.637207	-0.119 -0.019 -0.036
item_ammo_pistol_ttt	751.324707 1183.699829 -655.608032	-0.093 -0.020 -0.028
item_ammo_pistol_ttt	733.475159 1185.869751 -655.627319	-0.110 -0.019 -0.033
item_ammo_pistol_ttt	-165.274017 2902.270264 -703.581055	-0.346 0.725 -0.632
item_ammo_pistol_ttt	-150.957428 2902.245850 -703.582214	-0.313 0.769 -0.629
item_ammo_pistol_ttt	-132.104019 2902.176025 -703.561523	-0.329 0.955 -0.499
item_ammo_pistol_ttt	-114.142082 2902.141846 -703.562134	-0.149 1.056 -0.444
item_ammo_pistol_ttt	-100.110954 2902.068848 -703.543030	-0.159 1.183 -0.323
item_ammo_pistol_ttt	-86.491829 2901.961426 -703.586365	0.693 2.073 0.050
item_ammo_pistol_ttt	-72.635483 2901.946533 -703.592896	-0.130 1.989 -0.050
item_ammo_pistol_ttt	75.926277 1877.568237 -255.552505	1.092 -3.888 0.146
item_ammo_pistol_ttt	76.570801 1858.881348 -255.597076	0.581 0.521 -0.046
item_ammo_pistol_ttt	76.663353 1835.813232 -255.530457	-0.077 1.042 -0.215
item_ammo_pistol_ttt	76.575790 1815.564331 -255.602524	-0.215 1.500 0.062
weapon_zm_molotov	688.052979 1811.150024 -211.264999	0.000 0.000 0.000
weapon_zm_molotov	525.226013 2218.800049 -220.681000	0.000 0.000 0.000
weapon_zm_molotov	143.632996 2449.840088 -135.253998	0.000 0.000 0.000
weapon_zm_molotov	1431.619995 1768.459961 -211.026993	0.000 0.000 0.000
weapon_zm_molotov	392.266998 930.637024 -650.786987	0.000 90.000 0.000
weapon_zm_molotov	-938.000000 848.000000 -647.000000	0.000 0.000 0.000
weapon_zm_molotov	-938.000000 867.000000 -647.000000	0.000 0.000 0.000
weapon_zm_molotov	-938.000000 887.000000 -647.000000	0.000 0.000 0.000
weapon_zm_molotov	-938.000000 912.000000 -647.000000	0.000 0.000 0.000
weapon_ttt_confgrenade	1396.000000 1765.000000 -195.440002	0.000 176.037 0.000
weapon_ttt_confgrenade	1356.000000 1766.000000 -220.000000	0.000 176.037 0.000
weapon_ttt_confgrenade	1135.000000 2472.000000 -233.000000	0.000 0.000 0.000
weapon_ttt_confgrenade	-938.000000 911.000000 -627.000000	0.000 0.000 0.000
weapon_ttt_confgrenade	-938.000000 886.000000 -627.000000	0.000 0.000 0.000
weapon_ttt_confgrenade	-938.000000 866.000000 -627.000000	0.000 0.000 0.000
weapon_ttt_confgrenade	-938.000000 847.000000 -627.000000	0.000 0.000 0.000
item_ammo_revolver_ttt	1266.000000 1769.000000 -242.000000	0.000 266.000 0.000
item_ammo_revolver_ttt	1284.000000 1769.000000 -242.000000	0.000 312.000 0.000
item_ammo_revolver_ttt	863.257019 1190.469971 -607.130005	0.000 180.000 0.000
item_ammo_revolver_ttt	878.658997 1171.689941 -607.130005	0.000 6.000 0.000
item_ammo_revolver_ttt	886.021973 1192.229980 -607.130005	0.000 253.037 0.000
item_ammo_revolver_ttt	323.987000 2548.949951 -639.091980	0.000 253.037 0.000
item_ammo_revolver_ttt	307.523987 2549.820068 -639.091980	0.000 180.000 0.000
item_ammo_revolver_ttt	316.962006 2536.780029 -639.091980	0.000 6.000 0.000
item_ammo_revolver_ttt	-780.843018 1344.530029 -150.714005	0.000 6.000 0.000
item_ammo_revolver_ttt	-773.818970 1356.699951 -150.714005	0.000 253.037 0.000
item_ammo_revolver_ttt	-790.281006 1357.569946 -150.714005	0.000 180.000 0.000
item_ammo_revolver_ttt	255.054993 2918.830078 -191.091995	0.000 6.000 0.000
item_ammo_revolver_ttt	262.079987 2931.000000 -191.091995	0.000 253.037 0.000
item_ammo_revolver_ttt	245.617004 2931.879883 -191.091995	0.000 180.000 0.000
item_ammo_revolver_ttt	1933.839966 2341.479980 -255.723999	0.000 6.000 0.000
item_ammo_revolver_ttt	1940.869995 2353.649902 -255.723999	0.000 253.037 0.000
item_ammo_revolver_ttt	1924.400024 2354.530029 -255.723999	0.000 180.000 0.000
item_ammo_revolver_ttt	1908.530029 66.049301 -247.723999	0.000 6.000 0.000
item_ammo_revolver_ttt	1915.550049 78.217499 -247.723999	0.000 253.037 0.000
item_ammo_revolver_ttt	1899.089966 79.094002 -247.723999	0.000 180.000 0.000
item_ammo_revolver_ttt	1496.060059 2082.570068 -703.723999	0.000 6.000 0.000
item_ammo_revolver_ttt	1503.089966 2094.729980 -703.723999	0.000 253.037 0.000
item_ammo_revolver_ttt	1486.619995 2095.610107 -703.723999	0.000 180.000 0.000
item_ammo_revolver_ttt	842.606873 694.004272 -255.547424	0.690 -0.389 -0.399
item_ammo_revolver_ttt	830.113770 693.985596 -255.554993	1.044 -0.561 -0.757
item_ammo_revolver_ttt	816.068237 694.010742 -255.571381	0.775 -0.337 -0.796
item_ammo_revolver_ttt	803.169678 693.988403 -255.571991	0.802 -0.349 -0.823
item_ammo_revolver_ttt	531.301208 694.017761 -255.576492	1.216 -0.278 -1.183
item_ammo_revolver_ttt	531.246399 708.692993 -255.582870	0.930 -0.373 -1.068
item_ammo_revolver_ttt	531.290649 727.492554 -255.637177	0.012 -0.483 0.511
item_ammo_revolver_ttt	542.072571 694.207886 -255.654541	0.796 0.230 -0.012
item_ammo_revolver_ttt	539.434387 706.948059 -255.653168	0.465 0.064 0.045
item_ammo_revolver_ttt	539.226318 725.635254 -255.664886	0.464 0.067 0.049
item_ammo_revolver_ttt	553.197754 694.084473 -255.533585	1.796 0.295 -0.993
item_ammo_revolver_ttt	550.395264 711.116150 -255.629623	0.468 0.059 0.036
item_ammo_revolver_ttt	550.269287 729.288940 -255.625198	0.468 0.059 0.035
item_ammo_revolver_ttt	561.508789 694.944275 -255.644180	0.466 0.062 0.041
item_ammo_revolver_ttt	560.490417 715.131897 -255.567139	0.474 0.056 0.014
item_ammo_revolver_ttt	559.066650 729.457397 -255.684586	0.462 0.075 0.056
item_ammo_revolver_ttt	884.857239 1610.261597 -63.644188	0.466 0.062 0.042
item_ammo_revolver_ttt	885.453979 1624.376587 -63.570076	0.474 0.056 0.015
item_ammo_revolver_ttt	884.649597 1637.948242 -63.645927	0.466 0.062 0.042
item_ammo_revolver_ttt	871.166199 1637.430908 -63.671154	0.463 0.070 0.051
item_ammo_revolver_ttt	873.715942 1621.717163 -63.632698	0.467 0.060 0.037
item_ammo_revolver_ttt	876.046570 1605.102295 -63.609367	0.470 0.057 0.029
item_ammo_revolver_ttt	1298.095215 2025.381226 -255.602951	0.666 0.132 -0.029
item_ammo_revolver_ttt	1282.143799 2022.204224 -255.629333	0.851 -0.094 0.000
item_ammo_revolver_ttt	1272.819336 2022.112671 -255.574295	0.972 -0.012 -0.977
item_ammo_revolver_ttt	1392.745850 2489.912109 -63.589325	1.668 1.918 -0.005
item_ammo_revolver_ttt	1406.163696 2489.586914 -63.556580	1.116 -0.567 -0.831
item_ammo_revolver_ttt	1419.802734 2489.563232 -63.551918	1.113 -0.577 -0.763
item_ammo_revolver_ttt	1436.504639 2489.549316 -63.569122	0.616 -0.359 -0.651
item_ammo_revolver_ttt	1451.735718 2489.562988 -63.581554	0.502 -0.346 -0.744
item_ammo_revolver_ttt	1465.656250 2489.515137 -63.601639	0.059 -0.350 -0.722
item_ammo_revolver_ttt	1477.396851 2489.670410 -63.631355	0.310 -0.090 0.470
item_ammo_revolver_ttt	55.963451 2905.502441 -703.524658	1.959 -0.089 -0.984
item_ammo_revolver_ttt	75.853531 2905.427734 -703.528076	0.955 0.246 -0.317
item_ammo_revolver_ttt	90.956802 2905.611328 -703.538147	1.287 0.031 -0.400
item_ammo_revolver_ttt	108.945068 2905.356689 -703.529724	0.478 0.616 -0.000
item_ammo_revolver_ttt	123.094017 2905.222900 -703.580383	-0.520 0.824 -0.000
item_ammo_revolver_ttt	144.084167 2905.158691 -703.559937	-0.117 0.870 0.000
item_ammo_revolver_ttt	165.874207 2905.383545 -703.529724	0.474 0.704 0.002
weapon_zm_shotgun	923.146973 1560.800049 -700.979980	0.000 0.000 90.000
weapon_zm_shotgun	-856.000000 786.000000 -627.000000	0.000 0.000 73.500
weapon_zm_shotgun	-354.065002 1192.390015 -241.511002	0.000 0.000 90.000
weapon_zm_sledge	-856.000000 786.000000 -660.000000	0.000 0.000 73.500
weapon_zm_sledge	544.910278 2143.541504 -227.944077	12.499 0.417 2.716
weapon_zm_revolver	1280.000000 1765.000000 -219.699005	-5.961 0.157 -91.508
weapon_zm_revolver	1024.540039 2220.310059 -637.369995	0.000 90.000 0.000
weapon_zm_revolver	650.263000 2161.679932 -62.001701	0.000 90.000 0.000
weapon_zm_revolver	230.811996 2323.760010 -62.001701	0.000 90.000 0.000
weapon_zm_revolver	1490.810059 1956.170044 -62.001701	0.000 90.000 0.000
weapon_zm_revolver	1270.560059 1767.920044 -174.186996	-5.961 0.157 -91.508
weapon_zm_revolver	-777.000000 784.000000 -660.000000	0.000 0.000 73.500
weapon_zm_revolver	219.634995 1902.859985 -148.992004	0.000 261.000 0.000
weapon_zm_revolver	863.898010 1177.310059 -605.406982	0.000 270.000 90.000
weapon_zm_revolver	305.250000 2539.459961 -637.369995	0.000 270.000 90.000
weapon_zm_revolver	-792.556030 1347.209961 -148.990997	0.000 270.000 90.000
weapon_zm_revolver	243.341995 2921.510010 -189.369995	0.000 270.000 90.000
weapon_zm_revolver	1922.130005 2344.159912 -254.001999	0.000 270.000 90.000
weapon_zm_revolver	1896.819946 68.728500 -246.001999	0.000 270.000 90.000
weapon_zm_revolver	1484.349976 2085.250000 -702.002014	0.000 270.000 90.000
weapon_zm_revolver	1062.000000 2480.000000 -235.000000	0.000 0.000 0.000
weapon_zm_revolver	696.725037 692.062195 -255.029587	1.829 -19.174 -86.093
weapon_zm_revolver	682.086670 693.158997 -255.029465	1.933 -19.141 -85.911
weapon_zm_revolver	666.479187 693.931824 -255.029648	1.780 -19.185 -86.178
weapon_zm_revolver	651.096985 693.977417 -255.057709	1.910 -19.112 -85.644
weapon_zm_revolver	638.334351 693.363281 -255.012299	2.446 -34.532 -86.525
weapon_zm_revolver	623.841003 692.310486 -255.029388	1.997 -19.129 -85.800
weapon_zm_revolver	602.379150 690.787170 -255.029617	1.802 -19.184 -86.141
weapon_zm_revolver	456.692871 2255.504639 -224.726547	1.846 -20.629 -86.063
weapon_zm_revolver	458.242493 2239.340088 -224.726242	2.115 -20.530 -85.596
weapon_zm_revolver	459.283234 2221.258301 -224.726517	1.877 -20.613 -86.009
weapon_zm_revolver	457.906158 2206.818115 -224.726288	2.076 -20.540 -85.663
weapon_zm_revolver	884.130310 1736.848999 -63.029804	1.658 -22.055 -86.390
weapon_zm_revolver	883.899353 1714.172852 -63.053253	0.015 -29.513 -87.461
weapon_zm_revolver	882.282837 1691.369873 -63.029903	1.577 -19.244 -86.531
weapon_zm_revolver	883.659607 1671.318481 -63.167789	2.446 -40.287 -83.785
weapon_zm_revolver	880.362610 1646.754150 -63.029858	1.617 -19.248 -86.461
weapon_zm_revolver	1354.677002 2027.701538 -255.159073	3.313 -16.508 -83.533
weapon_zm_revolver	1340.864746 2024.166382 -255.101105	2.848 -16.643 -84.333
weapon_zm_revolver	1319.790039 2024.747192 -255.149597	3.237 -16.532 -83.664
weapon_zm_revolver	-48.082745 2909.619385 -703.283752	30.773 3.885 -7.310
weapon_zm_revolver	-23.773603 2909.631592 -703.236267	31.069 3.905 -7.234
weapon_zm_revolver	13.115299 2909.577637 -703.263367	30.926 4.102 -7.564
weapon_zm_revolver	-0.822776 2909.594727 -703.304504	30.363 3.856 -7.580
weapon_zm_revolver	34.139359 2909.616699 -703.286560	30.691 3.876 -7.351
weapon_ttt_aug	632.071045 1788.799194 -255.397598	0.021 9.779 87.012
weapon_ttt_aug	629.128174 1753.618652 -255.422165	0.037 9.780 86.896
weapon_ttt_aug	120.778687 724.362427 -62.169701	-2.204 -8.860 -84.697
weapon_ttt_aug	120.609970 775.747925 -63.449654	0.046 9.798 86.728
weapon_ttt_aug	120.653000 812.166504 -63.552425	0.227 9.736 86.525
weapon_ttt_aug	120.644470 704.837952 -62.804424	-0.312 -10.031 -81.532
weapon_ttt_aug	1004.322632 2267.656006 -255.440079	0.069 9.602 86.802
weapon_ttt_aug	1053.337646 2266.531982 -255.483749	0.110 9.601 86.589
weapon_ttt_aug	1100.201904 2259.224854 -255.547989	0.171 9.591 86.277
weapon_ttt_aug	281.193024 1199.296875 -654.566284	-0.860 -8.580 -82.410
weapon_ttt_aug	280.722626 1184.253662 -655.527161	0.117 9.844 86.521
weapon_ttt_aug	281.081757 1232.358398 -654.779480	-0.381 -8.877 -81.625
weapon_ttt_aug	281.165680 1252.848267 -654.528687	-0.941 -8.825 -82.658
weapon_ttt_aug	-277.526581 2781.400391 -702.563599	-0.860 -7.080 -82.535
weapon_ttt_aug	-277.254456 2762.079590 -702.707947	-0.531 -6.507 -81.949
weapon_ttt_sg552	882.741394 1158.455688 -254.948486	2.102 1.200 -84.556
weapon_ttt_sg552	876.457214 1139.598877 -254.958710	2.314 1.150 -84.815
weapon_ttt_sg552	120.013794 1802.547485 -254.963272	2.408 3.488 -84.930
weapon_ttt_sg552	121.079369 1778.730225 -254.294846	0.997 21.402 -89.112
weapon_ttt_sg552	162.890106 1806.971313 -254.954285	2.222 1.178 -84.702
weapon_ttt_sg552	156.658340 1787.040405 -254.955917	2.256 1.170 -84.744
weapon_ttt_sg552	200.428619 1808.444946 -254.957794	2.295 1.160 -84.791
weapon_ttt_sg552	194.626740 1785.057373 -254.955353	2.244 1.173 -84.729
weapon_ttt_sg552	869.017334 2340.522705 -254.968185	2.510 2.105 -85.054
weapon_ttt_sg552	872.703979 2314.387451 -254.967468	2.495 2.110 -85.036
weapon_ttt_sg552	874.223267 2284.370605 -254.966461	2.474 2.114 -85.011
weapon_ttt_sg552	1058.186157 1798.081421 -63.896423	-2.817 0.561 0.164
weapon_ttt_sg552	1085.313232 1795.274780 -63.689468	-2.634 5.326 -16.153
weapon_ttt_sg552	1111.321167 1793.439697 -63.543526	-2.412 4.646 -26.429
weapon_ttt_sg552	1441.087769 1705.899048 -33.047142	1.488 19.945 -82.672
weapon_ttt_sg552	1483.365601 2277.840820 -32.812828	-0.246 35.743 -83.756
weapon_ttt_sg552	1570.638306 2251.244385 -254.961136	2.364 3.999 -84.876
weapon_ttt_sg552	1567.032837 2236.238770 -254.966797	2.481 2.113 -85.019
weapon_ttt_sg552	1568.308838 2215.810059 -254.965546	2.455 2.119 -84.988
weapon_ttt_sg552	1442.069214 2029.626099 -32.957039	2.279 1.376 -84.772
weapon_ttt_sg552	801.583862 1164.395020 -654.963623	2.417 2.602 -84.940
weapon_ttt_sg552	759.591492 1154.408691 -654.957886	2.297 4.009 -84.794
weapon_ttt_sg552	728.190002 1161.658936 -654.945557	2.041 3.762 -84.482
weapon_ttt_sg552	65.209198 1373.244751 -254.948471	2.101 1.878 -84.555
weapon_ttt_sg552	65.384361 1353.805542 -254.945251	2.034 1.854 -84.474
weapon_ttt_sg552	65.545799 1326.830322 -254.957138	2.281 4.908 -84.775
weapon_ttt_sg552	65.980339 1296.225098 -254.957642	2.292 5.518 -84.788
