# Trouble in Terrorist Town weapon/ammo placement overrides
# For map: ttt_comancher_censored
# Exported by: General Butthurt
setting:	replacespawns 0
weapon_ttt_smokegrenade	-2202.556885 -157.168625 36.602558	2.313 -0.126 -2.384
weapon_ttt_smokegrenade	-2244.732666 -156.897659 36.614532	1.957 -0.119 -2.013
weapon_ttt_smokegrenade	-1001.169250 211.168884 36.554310	3.639 -0.108 -3.767
weapon_ttt_smokegrenade	-1044.539673 211.288574 36.580528	2.953 -0.132 -3.054
weapon_ttt_smokegrenade	-1000.326965 655.084106 36.527718	0.728 0.010 -0.457
weapon_ttt_smokegrenade	-1044.717529 656.217834 36.616020	1.937 -0.121 -1.996
weapon_ttt_smokegrenade	-1000.086182 1064.332764 36.600212	2.386 -0.129 -2.461
weapon_ttt_smokegrenade	-1051.311890 1064.421875 36.597271	2.452 -0.126 -2.526
weapon_ttt_smokegrenade	-618.341797 1561.245483 36.521107	0.490 0.005 -0.182
weapon_ttt_smokegrenade	-618.976746 1507.569458 36.608482	2.148 -0.123 -2.213
weapon_ttt_smokegrenade	-316.940521 1562.164795 36.599232	2.428 -0.130 -2.507
weapon_ttt_smokegrenade	-318.510559 1507.674438 36.600121	2.384 -0.129 -2.459
weapon_ttt_smokegrenade	-1810.175415 1560.997437 36.601463	2.351 -0.127 -2.424
weapon_ttt_smokegrenade	-1811.528320 1508.571167 36.535984	1.680 0.008 -1.521
weapon_ttt_smokegrenade	-2319.047852 1564.615967 36.562801	3.434 -0.131 -3.556
weapon_ttt_smokegrenade	-2321.682861 1506.414673 36.558521	3.533 -0.116 -3.657
weapon_ttt_smokegrenade	-2755.650879 1565.555908 36.514004	0.355 0.002 -0.019
weapon_ttt_smokegrenade	-2753.911133 1509.766357 36.641228	1.163 -0.109 -1.191
weapon_ttt_smokegrenade	-3251.308350 1565.489258 36.556469	3.586 -0.099 -3.712
weapon_ttt_smokegrenade	-3250.702881 1507.419800 36.606262	2.214 -0.126 -2.282
weapon_ttt_smokegrenade	-3738.205078 1558.576782 36.554379	3.640 -0.108 -3.769
weapon_ttt_smokegrenade	-3740.858398 1502.672607 36.607239	2.178 -0.124 -2.243
weapon_ttt_revolver	-591.517334 569.081726 8.970609	1.992 -20.568 -85.810
weapon_ttt_smg	-956.760681 999.117859 0.057886	6.179 7.655 90.595
weapon_ttt_smg	-952.973633 1022.950439 -0.237978	6.179 7.664 90.596
weapon_ttt_smg	-2993.959717 1123.310547 557.640686	5.043 0.246 1.956
weapon_ttt_smg	-2959.391602 1122.865479 557.674744	5.031 0.171 1.089
weapon_zm_pistol	-397.467712 2332.697266 48.332417	0.287 34.607 88.643
weapon_zm_pistol	-2206.750977 1180.609375 8.297678	0.016 35.151 88.124
weapon_zm_pistol	-2179.001465 2691.235107 376.339630	-0.332 23.783 91.035
weapon_zm_pistol	-1316.767090 750.312622 184.337372	-0.386 48.274 91.045
weapon_zm_pistol	-1442.511230 422.836670 8.281854	-0.038 23.381 88.359
weapon_zm_pistol	-3045.017822 2659.020996 9.489210	-0.341 -30.405 -90.697
weapon_ttt_pump_shotgun	-1607.744385 2625.765625 1.482951	-0.395 -10.301 -89.637
weapon_ttt_pump_shotgun	-1380.839355 1596.762695 1.945327	-1.138 -6.680 -96.366
weapon_ttt_pump_shotgun	-1440.402344 1591.407715 2.871675	-1.483 -7.061 -98.207
weapon_ttt_pump_shotgun	-1868.388794 -378.234192 219.134186	-0.855 10.177 86.236
weapon_ttt_pump_shotgun	-2830.983154 1477.947876 2.004580	-2.501 10.066 91.911
weapon_ttt_pump_shotgun	-2737.819824 1482.576660 2.366196	-2.502 10.079 91.910
weapon_ttt_pump_shotgun	-3557.719727 1040.512573 41.495167	-0.475 -10.292 -89.986
weapon_ttt_pump_shotgun	-3761.188965 1241.126465 241.460098	-0.498 -9.613 -89.062
weapon_ttt_pump_shotgun	-1944.066406 797.403992 1.412606	0.033 -9.487 -89.378
weapon_ttt_pump_shotgun	-1944.091431 777.667725 1.394530	0.141 -9.391 -89.369
item_ammo_357_ttt	-2965.620117 1915.935791 480.359772	0.481 -0.008 -0.072
item_ammo_357_ttt	-2976.063721 1915.904297 480.339996	0.483 -0.010 -0.088
item_ammo_357_ttt	-3517.951660 1070.563110 472.328247	0.449 0.068 0.057
item_ammo_357_ttt	-3528.011230 1071.478394 472.358765	0.455 0.059 0.045
item_ammo_357_ttt	-1461.439575 -150.501083 320.370026	0.458 0.059 0.039
item_ammo_357_ttt	-1451.570435 -150.002655 320.362152	0.457 0.060 0.043
item_ammo_357_ttt	-323.334106 240.777893 156.260544	7.290 -0.358 -0.066
item_ammo_357_ttt	-312.424500 241.620178 155.056808	7.212 -0.358 -0.058
item_ammo_357_ttt	-1425.515503 2192.214355 408.344910	-9.888 -0.924 0.244
item_ammo_357_ttt	-1424.772095 2205.839355 408.517517	-9.177 -2.992 0.579
item_ammo_357_ttt	-1447.682617 -109.420258 184.342560	0.453 0.064 0.050
item_ammo_357_ttt	-1455.977295 -110.414513 184.357101	0.456 0.062 0.044
item_ammo_357_ttt	-151.315201 115.762756 0.345018	0.551 -0.033 0.008
item_ammo_357_ttt	-151.343140 99.162941 0.376962	0.570 -0.136 0.016
item_ammo_357_ttt	-151.342438 79.803886 0.447723	0.614 -0.033 0.193
item_ammo_357_ttt	-1307.624390 636.267395 360.412079	0.466 0.056 0.023
item_ammo_357_ttt	-1302.932129 622.148071 360.351868	0.455 0.062 0.047
item_ammo_357_ttt	-1302.188843 611.362366 360.398376	0.464 0.057 0.028
item_ammo_357_ttt	-1300.252441 597.184753 360.352814	0.815 -0.104 -0.569
item_ammo_357_ttt	-1300.279175 574.218384 360.372253	0.629 -0.160 -0.026
item_ammo_357_ttt	-1301.064575 555.294373 360.427917	0.470 0.056 0.017
item_ammo_357_ttt	-1300.223877 539.897278 360.435730	-1.154 -0.006 0.677
item_ammo_357_ttt	-1300.262451 515.506714 360.361969	0.610 -0.177 -0.054
item_ammo_357_ttt	-1300.592896 501.133240 360.396149	0.463 0.057 0.029
item_ammo_357_ttt	-1302.444702 483.392517 360.375885	0.460 0.058 0.037
item_ammo_357_ttt	-256.143341 248.521133 148.619873	7.151 -0.357 -0.052
item_ammo_357_ttt	-242.097717 249.856842 146.975204	7.516 0.156 -0.049
item_ammo_357_ttt	-226.443512 249.804443 145.193329	7.791 1.042 0.024
item_ammo_357_ttt	-3509.917969 1099.257446 240.338562	0.451 0.064 0.053
item_ammo_357_ttt	-3526.040527 1097.029053 240.362061	0.456 0.058 0.043
item_ammo_357_ttt	-3541.466553 1095.656372 240.353561	0.454 0.059 0.047
item_ammo_357_ttt	-3555.021729 1094.203491 240.328369	0.705 0.216 -0.007
item_ammo_357_ttt	-3501.357666 1093.952026 240.466354	1.177 -0.704 -0.552
item_ammo_357_ttt	-3285.333252 1094.040894 240.434311	1.022 -0.441 -0.892
item_ammo_357_ttt	-3301.491699 1093.881714 240.467590	0.598 -0.223 -0.123
item_ammo_357_ttt	-3311.265869 1093.943970 240.462280	1.516 -0.357 -0.852
item_ammo_357_ttt	-3319.408203 1094.084106 240.419876	1.034 -0.366 -1.103
item_ammo_357_ttt	-3294.056152 1094.036621 240.416397	0.925 -0.269 -1.074
item_ammo_357_ttt	-3278.340088 1093.998169 240.472855	1.243 -0.167 -0.509
item_ammo_357_ttt	-1429.237183 2425.792480 407.770935	-9.774 0.339 -0.026
item_ammo_357_ttt	-1417.380615 2426.195801 409.759766	-9.733 -2.111 0.315
item_ammo_357_ttt	-1401.766479 2425.429932 412.346344	-8.606 4.018 0.372
item_ammo_357_ttt	-1386.319458 2426.599854 414.985138	-9.447 -3.290 0.438
item_ammo_357_ttt	-1373.801270 2426.450439 417.067078	-9.738 -2.109 0.253
item_ammo_smg1_ttt	-1308.757080 406.265533 8.426506	0.595 -0.003 0.387
item_ammo_smg1_ttt	-1325.543945 403.624939 8.519746	-0.250 0.015 -0.214
item_ammo_smg1_ttt	-2945.651855 537.921692 200.411224	0.267 -0.005 0.167
item_ammo_smg1_ttt	-2961.432861 535.265991 200.391678	0.109 -0.005 0.061
item_ammo_smg1_ttt	-2949.419922 3050.963867 8.477057	-0.552 0.083 0.246
item_ammo_smg1_ttt	-2936.026855 3050.014404 8.434569	-0.947 0.000 0.622
item_ammo_smg1_ttt	-2092.818115 -107.884521 0.422226	0.049 0.035 0.041
item_ammo_smg1_ttt	-2111.406250 -110.441071 0.519603	0.207 -0.027 0.058
item_ammo_smg1_ttt	-111.861900 421.139771 0.527844	-0.188 0.017 -0.165
item_ammo_smg1_ttt	-95.307114 422.881195 0.413500	0.299 -0.005 0.189
item_ammo_smg1_ttt	129.950409 2604.461914 0.547519	-0.150 -2.604 0.008
item_ammo_smg1_ttt	130.028702 2578.842529 0.474651	0.210 -1.877 -0.105
item_ammo_smg1_ttt	-3823.031494 642.996643 472.408905	-0.237 0.005 0.147
item_ammo_smg1_ttt	-3825.926514 666.093018 472.506805	0.757 0.279 -0.118
item_ammo_smg1_ttt	-3825.966553 698.858704 472.517700	0.656 0.489 -0.126
item_ammo_smg1_ttt	-2756.343750 1261.404541 552.483093	-0.374 -0.001 -0.366
item_ammo_smg1_ttt	-2736.677246 1261.993164 552.510254	0.221 0.082 0.510
item_ammo_smg1_ttt	-2710.818359 1262.086426 552.573975	-0.162 -0.017 0.860
item_ammo_smg1_ttt	-2564.895508 530.152710 552.536011	0.647 -0.242 -0.245
item_ammo_smg1_ttt	-2590.522461 530.183350 552.487488	0.466 -0.372 0.208
item_ammo_smg1_ttt	-2612.304688 530.366211 552.515076	0.941 -0.411 -0.297
item_ammo_smg1_ttt	-2631.709473 530.460510 552.545776	0.459 -0.430 -0.187
item_ammo_smg1_ttt	-2650.206543 530.393494 552.532410	0.603 -0.371 -0.191
item_ammo_smg1_ttt	-3220.497314 2093.994873 184.478256	0.504 -0.001 0.217
item_ammo_smg1_ttt	-3220.093994 2128.529053 184.552841	-0.510 -0.653 -0.269
item_ammo_smg1_ttt	-741.871887 1161.527832 8.415454	0.188 -0.004 0.119
item_ammo_smg1_ttt	-741.871643 1185.438477 8.438823	0.205 -0.003 0.135
item_ammo_smg1_ttt	-741.708923 1213.466919 8.494823	-1.200 0.180 -0.328
item_ammo_smg1_ttt	-969.648499 1049.477905 1.243895	4.689 0.165 -0.064
item_ammo_smg1_ttt	-969.011475 1075.914429 1.237795	4.846 1.893 0.106
item_ammo_smg1_ttt	-645.195496 -53.753700 0.482250	0.205 0.288 -0.150
item_ammo_smg1_ttt	-645.907471 -92.277527 0.555045	-0.219 0.037 -0.202
item_ammo_smg1_ttt	-154.126617 -172.163345 0.447936	0.063 -0.111 0.020
item_ammo_smg1_ttt	-154.180069 -197.041519 0.530555	-0.667 0.003 -0.265
item_ammo_smg1_ttt	-1523.273560 89.673912 44.632225	-0.369 -8.105 -0.000
item_ammo_smg1_ttt	-1503.173218 87.124107 44.662693	-0.736 -12.369 0.454
item_ammo_smg1_ttt	-1545.279541 -228.852615 8.479444	0.207 0.000 0.021
item_ammo_smg1_ttt	-1561.462158 -232.536926 8.497750	-0.865 -0.013 -0.644
item_ammo_smg1_ttt	-1581.326172 -233.448395 8.510578	-0.841 0.030 -0.200
item_ammo_smg1_ttt	-1420.890259 1132.939941 360.553467	0.487 0.040 0.358
item_ammo_smg1_ttt	-1397.145508 1109.371338 360.489716	-1.207 0.507 -0.283
item_ammo_smg1_ttt	-1381.557617 1093.649048 360.502960	-0.512 0.572 0.072
item_ammo_smg1_ttt	-2928.437744 1133.904907 552.510132	0.055 -0.004 0.230
item_ammo_smg1_ttt	-2907.340576 1134.073364 552.583679	0.172 0.017 0.860
item_ammo_smg1_ttt	-1637.244141 -493.995575 320.504608	-0.715 0.015 -0.447
item_ammo_smg1_ttt	-1660.413818 -493.939331 320.486298	-0.205 0.151 -0.292
item_ammo_smg1_ttt	-1686.639038 -493.854431 320.506073	0.304 0.339 0.494
item_ammo_smg1_ttt	-1710.469116 -493.873901 320.466370	0.326 0.349 0.440
item_ammo_smg1_ttt	-444.015137 898.165222 8.434568	-0.947 0.000 0.622
item_ammo_smg1_ttt	-335.528870 897.558899 8.496251	-0.227 0.755 0.040
item_ammo_smg1_ttt	-350.391144 897.780884 8.493508	1.102 -0.059 -0.256
item_ammo_smg1_ttt	-364.571869 897.523743 8.488793	-0.017 1.005 0.023
item_ammo_smg1_ttt	-703.054626 3084.717041 0.500684	0.828 -0.010 -0.614
item_ammo_smg1_ttt	-677.683899 3086.997314 0.485346	0.463 0.058 0.395
item_ammo_smg1_ttt	-2321.578125 1594.349365 -0.471951	-1.668 2.458 -0.426
item_ammo_smg1_ttt	-2352.740723 1594.282593 -1.291092	-1.770 2.086 -0.017
item_ammo_smg1_ttt	-2230.407959 1594.424194 1.511145	0.415 5.323 -7.936
item_ammo_smg1_ttt	-2248.139648 1594.608276 1.513280	0.493 6.328 -8.041
item_ammo_smg1_ttt	-3493.483398 682.836243 8.430593	0.745 -0.002 0.488
item_ammo_smg1_ttt	-3510.131836 682.222473 8.513258	-1.055 0.427 -0.361
item_ammo_smg1_ttt	-3556.996338 685.443176 8.536243	-0.141 0.017 -0.123
item_ammo_smg1_ttt	-3573.769287 681.999084 8.426315	0.391 -0.003 0.232
item_ammo_smg1_ttt	-2306.459717 2667.362793 377.351715	17.702 4.481 1.116
item_ammo_smg1_ttt	-2310.039063 2702.011963 378.474854	17.531 3.569 0.941
item_ammo_smg1_ttt	-2654.669189 2564.725098 144.464294	0.640 0.111 0.013
item_ammo_smg1_ttt	-2639.275879 2531.022705 144.451889	0.427 0.041 0.132
item_ammo_smg1_ttt	-2630.143799 2254.804688 144.403503	0.295 -0.004 0.158
item_ammo_smg1_ttt	-2630.035156 2213.047119 144.502014	-0.289 0.053 0.000
item_ammo_smg1_ttt	-2004.900024 115.030579 0.487101	-0.578 -0.012 -0.343
item_ammo_smg1_ttt	-1988.452148 115.786964 0.531237	-0.250 0.866 -0.053
item_ammo_smg1_ttt	-1966.024536 114.541428 0.509497	-0.299 5.973 0.113
item_ammo_smg1_ttt	-1926.183105 113.823479 0.458200	-0.303 0.089 -0.177
item_ammo_smg1_ttt	-1946.130615 115.663254 0.515340	-0.254 0.014 -0.223
item_ammo_smg1_ttt	-2041.802979 2477.176514 2.214427	-0.010 -0.028 2.324
item_ammo_smg1_ttt	-2041.505371 2500.845459 3.180685	-0.093 1.194 2.620
item_ammo_smg1_ttt	-1733.534424 3046.927490 3.816085	1.886 0.260 -0.082
item_ammo_smg1_ttt	-1711.901367 3046.415283 3.282056	1.692 5.333 0.162
item_ammo_smg1_ttt	-1685.578491 3046.285400 2.587424	1.266 4.368 0.038
item_ammo_smg1_ttt	-1101.469604 3086.060791 0.485064	-0.285 0.027 0.236
item_ammo_smg1_ttt	-1078.191650 3086.937500 0.390663	0.067 -0.072 0.035
item_ammo_smg1_ttt	-1054.692139 3086.867920 0.466776	0.192 -0.061 0.228
item_ammo_smg1_ttt	-884.524048 2852.848633 34.792015	-0.468 -0.035 -0.049
item_ammo_smg1_ttt	-884.940918 2890.745361 34.799541	-0.122 0.014 -0.049
weapon_ttt_m16	-3734.309326 1096.279663 9.149620	2.018 -0.254 84.382
weapon_ttt_m16	-2387.893311 2866.502441 57.159195	2.037 -8.135 84.294
weapon_ttt_m16	-984.343323 2329.621094 9.247646	2.189 5.662 85.422
weapon_ttt_m16	-3135.194824 -452.510132 241.150024	2.017 -8.724 85.214
weapon_ttt_m16	-2647.196289 995.289978 377.153442	2.035 1.565 85.180
weapon_ttt_m16	-1397.592651 -480.369110 9.164289	2.155 -7.900 84.455
weapon_ttt_m16	-3799.230713 1132.567627 241.244812	2.167 -3.339 85.395
weapon_ttt_p90	-2477.030029 534.632019 553.281433	0.658 1.223 -87.540
weapon_ttt_p90	-2522.910156 536.914856 553.276794	0.652 1.227 -87.432
weapon_ttt_p90	-3228.651367 2104.622803 185.266205	0.636 1.177 -87.184
weapon_ttt_p90	-661.223267 1246.334717 9.283156	0.661 1.221 -87.580
weapon_ttt_p90	-622.137268 1251.404663 7.112290	-1.467 -6.112 -39.916
weapon_ttt_p90	-655.228760 -43.347187 1.157995	0.923 1.629 -86.658
weapon_ttt_p90	-1874.784302 -96.014313 218.987534	0.358 3.937 -87.180
weapon_ttt_p90	-3463.223633 773.009705 9.283676	0.662 1.221 -87.592
weapon_ttt_p90	-3463.917969 749.554749 9.282162	0.660 1.222 -87.556
weapon_ttt_p90	-3464.664063 731.755859 9.282902	0.661 1.221 -87.574
weapon_ttt_p90	-2070.843750 109.315247 1.186553	0.844 1.627 -86.838
weapon_ttt_p90	-2042.756348 113.183105 1.658015	-0.408 -4.945 -90.100
weapon_ttt_p90	-2032.175537 2416.542480 1.278314	0.654 1.001 -87.467
weapon_ttt_p90	-2032.133179 2440.262451 1.610756	0.684 -0.428 -85.433
weapon_ttt_p90	-878.465515 2864.024902 35.482430	0.102 -0.003 -85.589
item_box_buckshot_ttt	-219.814590 304.823975 96.389557	-0.995 0.018 0.882
item_box_buckshot_ttt	-230.089615 304.396851 96.403214	-0.856 -0.010 0.762
item_box_buckshot_ttt	-240.477127 303.848297 96.390709	-0.978 0.004 0.869
item_box_buckshot_ttt	-1123.275391 2484.155029 8.504714	-0.053 -0.751 0.033
item_box_buckshot_ttt	-1133.444946 2483.718750 8.505406	-0.115 -0.072 -0.000
item_box_buckshot_ttt	-1143.334961 2484.014893 8.508576	-0.035 -2.414 0.030
item_box_buckshot_ttt	-2296.756348 1821.048584 0.415017	-0.866 -0.018 0.686
item_box_buckshot_ttt	-2306.778076 1819.261841 0.373786	0.753 -0.022 -0.523
item_box_buckshot_ttt	-2317.733887 1820.164429 0.437021	-0.317 -3.464 -0.366
item_box_buckshot_ttt	-3490.066406 661.006470 64.404686	-0.843 -0.007 0.751
item_box_buckshot_ttt	-3500.762207 661.600159 64.411552	-0.794 -0.006 0.705
item_box_buckshot_ttt	-3514.841064 662.135010 64.408325	-0.819 -0.006 0.728
item_box_buckshot_ttt	-3591.579590 267.696442 0.355255	1.049 0.000 -0.843
item_box_buckshot_ttt	-3601.200928 267.459045 0.372189	0.763 -0.121 -0.526
item_box_buckshot_ttt	-3610.954834 266.571045 0.405350	-0.844 -0.007 0.750
item_box_buckshot_ttt	-3354.055664 2091.686523 184.350433	0.830 0.002 -0.664
item_box_buckshot_ttt	-3343.605957 2091.900391 184.386398	-1.006 -0.011 0.896
item_box_buckshot_ttt	-3333.178223 2092.475586 184.403488	-0.856 -0.010 0.761
item_box_buckshot_ttt	-1611.536377 2650.783936 0.371736	0.766 -0.119 -0.531
item_box_buckshot_ttt	-1612.344604 2666.449707 0.392607	0.157 -0.482 -0.102
item_box_buckshot_ttt	-1612.963989 2683.694580 0.478495	0.733 -1.607 -1.149
item_box_buckshot_ttt	-1362.401367 1581.050049 40.397469	-0.047 0.028 -0.085
item_box_buckshot_ttt	-1374.436157 1579.803345 40.384197	0.010 0.044 -0.017
item_box_buckshot_ttt	-1387.271118 1580.047485 40.393696	0.026 0.044 -0.028
item_box_buckshot_ttt	-1406.044189 1580.048584 40.393703	0.026 0.044 -0.028
item_box_buckshot_ttt	-1425.662109 1579.729370 40.373333	0.019 0.049 -0.020
item_box_buckshot_ttt	-1447.032715 1580.542236 40.365585	-0.007 0.018 -0.048
item_box_buckshot_ttt	-1889.222412 -361.429840 218.194305	-0.270 -0.032 -0.008
item_box_buckshot_ttt	-1891.876953 -346.712341 218.176880	-0.288 0.525 -0.005
item_box_buckshot_ttt	-1884.551880 -338.675262 218.201263	-0.371 2.028 0.029
item_box_buckshot_ttt	-1881.521729 -350.153503 218.174850	-0.248 0.032 -0.001
item_box_buckshot_ttt	-1875.571411 -365.339569 218.140930	-0.311 0.043 -0.086
item_box_buckshot_ttt	-2799.534424 1482.580566 1.284787	0.066 3.151 5.049
item_box_buckshot_ttt	-2784.668213 1482.659302 1.245988	0.389 1.659 4.701
item_box_buckshot_ttt	-2768.230713 1482.397217 1.322695	-0.300 3.841 4.405
item_box_buckshot_ttt	-3572.366943 1066.509399 40.377735	0.679 0.004 -0.438
item_box_buckshot_ttt	-3558.000977 1066.494751 40.397739	0.471 0.013 -0.178
item_box_buckshot_ttt	-3540.162354 1066.639038 40.448242	1.583 -0.122 -0.398
item_box_buckshot_ttt	-3714.451416 1251.406616 240.388824	-0.992 0.017 0.883
item_box_buckshot_ttt	-3700.841797 1255.060181 240.416397	-0.758 -0.007 0.673
item_box_buckshot_ttt	-3684.359863 1256.818481 240.414703	-0.771 -0.005 0.685
item_box_buckshot_ttt	-3668.054932 1258.190918 240.369415	0.778 0.008 -0.541
item_box_buckshot_ttt	-3649.808105 1257.408691 240.380188	-0.035 0.002 0.113
item_box_buckshot_ttt	-3631.713379 1259.427734 240.409622	-0.806 -0.005 0.718
item_box_buckshot_ttt	-1938.114746 735.811768 0.428470	-0.738 -0.039 0.788
item_box_buckshot_ttt	-1954.148560 735.378357 0.466224	0.887 -1.193 -0.113
item_box_buckshot_ttt	-1965.556030 735.241028 0.463478	-1.172 0.082 -0.279
item_box_buckshot_ttt	-1983.281982 734.586670 0.488807	0.581 -0.169 -0.146
weapon_ttt_galil	-1732.096558 2607.776367 1.250090	0.554 -34.863 -88.258
weapon_ttt_galil	-1710.231201 -188.237259 9.108339	0.978 -12.934 -87.256
weapon_ttt_galil	-1598.294312 -487.161957 321.116699	0.954 -12.934 -87.314
weapon_ttt_galil	-396.414581 898.417114 9.209122	0.680 -12.951 -87.960
weapon_ttt_galil	-2285.671387 1596.014893 0.769880	-4.115 11.227 78.910
weapon_ttt_galil	-2282.114990 2682.407471 377.474304	-0.605 -73.010 -90.125
weapon_ttt_galil	-2643.969482 2281.238281 149.396164	-11.436 -13.262 -89.118
weapon_ttt_famas	-2801.586426 1253.215088 553.151794	0.027 15.425 89.784
weapon_ttt_famas	-1548.267212 83.774879 45.106243	0.012 21.111 88.870
weapon_ttt_famas	-1458.366089 1174.997559 361.182953	-0.000 14.504 90.000
weapon_ttt_famas	-1447.593872 1143.018433 361.150269	0.028 15.424 89.773
weapon_ttt_famas	-740.297424 3082.964355 1.256485	-0.252 15.825 90.626
weapon_ttt_famas	-2679.321777 2591.616699 145.182938	0.000 16.866 90.000
weapon_ttt_famas	-1144.541626 3083.180176 1.015065	0.145 15.873 88.835
weapon_ttt_glock	-1938.895020 518.821350 63.553131	-0.689 22.152 91.108
weapon_ttt_glock	-2718.344727 -141.783310 64.585739	0.724 20.360 88.846
weapon_ttt_glock	-3424.759766 474.986084 0.662431	1.424 31.181 87.723
weapon_ttt_glock	-3797.922363 950.373779 40.594421	0.946 17.356 88.615
weapon_ttt_glock	-2542.998535 1839.235718 0.553135	-0.689 16.427 91.108
weapon_ttt_glock	-3737.200439 -467.616241 240.553131	-0.689 66.959 91.108
weapon_ttt_glock	-1807.768799 91.223618 184.540970	0.052 31.165 89.821
weapon_ttt_glock	-89.433952 535.104858 0.592674	0.552 20.873 88.930
weapon_ttt_glock	-734.408020 1229.118164 8.591237	0.914 37.799 88.607
weapon_ttt_glock	-607.156006 2416.448975 216.625854	1.140 33.362 88.129
ttt_random_ammo	-1566.888794 -114.645584 210.947830	-0.003 0.513 -0.006
ttt_random_ammo	-1573.144287 -118.045341 242.987885	0.247 -0.014 -0.300
ttt_random_ammo	-1575.036743 -158.376831 242.981216	0.856 -0.043 -1.041
ttt_random_ammo	-1571.965332 -158.865143 210.942963	-0.109 0.003 0.131
ttt_random_ammo	-1566.369873 -203.945404 210.941513	-0.596 -0.048 0.717
ttt_random_ammo	-1574.430420 -199.372803 242.943451	0.147 -0.013 -0.208
ttt_random_ammo	-1571.730835 -267.737701 210.946075	0.013 0.156 -0.010
ttt_random_ammo	-1570.389038 -264.817108 242.983566	0.007 0.380 -0.013
ttt_random_ammo	-1568.282104 -307.785461 210.936600	-0.168 -0.020 0.196
ttt_random_ammo	-1571.166382 -305.612976 242.971313	-0.520 -0.003 0.627
ttt_random_ammo	-1570.366089 -343.882263 242.941147	-0.339 0.156 0.402
ttt_random_ammo	-1565.251221 -349.418457 210.843231	-0.282 0.170 0.272
ttt_random_ammo	-2783.663330 370.946747 66.989273	0.010 -0.059 0.000
ttt_random_ammo	-2784.632568 372.043915 34.943928	0.013 0.258 0.012
ttt_random_ammo	-2803.577881 412.613647 34.929573	1.341 -0.055 -1.623
ttt_random_ammo	-2800.108398 410.238617 66.975494	-0.474 -0.017 0.588
ttt_random_ammo	-2817.971924 447.190582 66.956512	0.810 -0.039 -0.960
ttt_random_ammo	-2820.121582 449.073120 34.872631	-0.113 0.047 -0.178
ttt_random_ammo	-998.151794 241.224686 24.377832	0.151 0.001 0.122
ttt_random_ammo	-1016.580688 241.137115 24.379436	0.169 0.001 0.145
ttt_random_ammo	-1030.237305 241.186722 24.377735	0.150 -0.001 -0.122
ttt_random_ammo	-1047.436401 240.791946 24.449200	0.957 0.026 1.156
ttt_random_ammo	-996.063660 623.583984 24.372751	0.109 0.000 0.069
ttt_random_ammo	-1009.392944 623.602905 24.377829	0.151 0.001 0.122
ttt_random_ammo	-1025.914307 623.693054 24.380861	0.190 -0.001 -0.171
ttt_random_ammo	-1046.123413 623.860413 24.377831	0.151 0.001 0.122
ttt_random_ammo	-995.100464 1034.278076 24.379318	0.169 -0.001 -0.145
ttt_random_ammo	-1008.914551 1034.314453 24.369127	0.090 -0.000 -0.044
ttt_random_ammo	-1027.365845 1034.132080 24.379322	0.169 -0.001 -0.145
ttt_random_ammo	-1040.263672 1034.469727 24.351213	0.053 -0.000 0.011
ttt_random_ammo	-648.254272 1563.295410 24.379436	0.169 0.001 0.145
ttt_random_ammo	-648.258972 1546.164185 24.370975	0.099 0.000 0.056
ttt_random_ammo	-648.707214 1531.171509 24.379438	0.169 0.001 0.145
ttt_random_ammo	-649.147034 1514.419922 24.451120	0.914 0.025 1.104
ttt_random_ammo	-285.211609 1565.433838 24.376179	0.135 0.000 0.102
ttt_random_ammo	-285.200562 1551.378906 24.372751	0.109 0.000 0.069
ttt_random_ammo	-286.069031 1535.048462 24.370975	0.099 0.000 0.056
ttt_random_ammo	-286.558472 1515.052002 24.391254	0.543 0.004 0.606
ttt_random_ammo	-1404.461304 1562.960815 24.379436	0.169 0.001 0.145
ttt_random_ammo	-1403.391113 1520.545410 24.382511	0.214 0.001 0.202
ttt_random_ammo	-1404.578735 1548.393188 24.374485	0.121 0.000 0.085
ttt_random_ammo	-1404.506470 1534.357544 24.394968	1.429 0.024 1.685
ttt_random_ammo	-1840.161621 1562.183350 24.379436	0.169 0.001 0.146
ttt_random_ammo	-1840.302246 1549.473755 24.383953	0.244 0.001 0.239
ttt_random_ammo	-1840.432739 1534.586182 24.379436	0.169 0.001 0.145
ttt_random_ammo	-1839.862549 1517.283813 24.363497	0.071 0.000 0.018
ttt_random_ammo	-2288.276855 1561.346924 24.372751	0.109 0.000 0.069
ttt_random_ammo	-2288.509766 1545.831787 24.376181	0.135 0.000 0.102
ttt_random_ammo	-2288.340820 1526.037109 24.374485	0.121 0.000 0.085
ttt_random_ammo	-2289.107910 1507.194702 24.380993	0.191 0.001 0.173
ttt_random_ammo	-2782.003418 1504.869507 24.385735	-0.217 0.001 -0.205
ttt_random_ammo	-2781.833496 1519.730713 24.376402	-0.122 -0.000 0.086
ttt_random_ammo	-2781.690186 1535.358765 24.378313	-0.136 -0.000 0.104
ttt_random_ammo	-2781.044434 1552.753662 24.354202	-0.055 -0.000 -0.007
ttt_random_ammo	-3279.361084 1507.915894 24.370975	0.099 0.000 0.056
ttt_random_ammo	-3279.054932 1522.667114 24.380993	0.191 0.001 0.173
ttt_random_ammo	-3278.702148 1538.935059 24.377831	0.151 0.001 0.122
ttt_random_ammo	-3278.085938 1554.638062 24.359539	0.063 0.000 0.006
ttt_random_ammo	-3703.965088 1506.481201 24.374487	0.121 0.000 0.084
ttt_random_ammo	-3704.033691 1521.910156 24.376181	0.135 0.000 0.102
ttt_random_ammo	-3704.098389 1536.374756 24.380993	0.191 0.001 0.172
ttt_random_ammo	-3704.053711 1552.867554 24.390270	0.469 0.003 0.515
ttt_random_ammo	-1053.337524 -273.847229 24.374420	0.121 -0.000 -0.084
ttt_random_ammo	-1037.187744 -273.903961 24.376101	0.135 -0.000 -0.102
ttt_random_ammo	-1019.345337 -273.967316 24.383762	0.244 -0.001 -0.239
ttt_random_ammo	-1001.300964 -274.240662 24.385134	0.276 -0.001 -0.278
ttt_random_ammo	-1661.721313 361.459106 24.382500	0.216 0.001 0.203
ttt_random_ammo	-1662.776001 346.511139 24.377831	0.151 0.001 0.122
ttt_random_ammo	-1662.328125 330.407410 24.370975	0.099 0.000 0.056
ttt_random_ammo	-1662.572632 311.973450 24.353340	0.055 0.000 -0.007
ttt_random_ammo	-2198.836670 -125.916252 24.330379	0.046 -0.000 0.029
ttt_random_ammo	-2211.957764 -126.178719 24.376101	0.134 -0.000 -0.102
ttt_random_ammo	-2230.136475 -125.647362 24.377737	0.150 -0.001 -0.122
ttt_random_ammo	-2245.243896 -125.063942 24.363485	0.071 -0.000 -0.018
weapon_zm_rifle	-2986.866943 1900.403198 481.283508	3.305 11.739 64.667
weapon_zm_rifle	-3535.589600 1061.622070 473.389801	3.567 -5.086 65.107
weapon_zm_rifle	-1460.973511 -168.265869 321.405121	3.264 1.902 66.242
weapon_zm_rifle	-325.481293 225.119003 157.530655	9.869 2.423 64.849
weapon_zm_rifle	-1413.552246 2216.758057 411.292938	2.222 -86.335 76.391
weapon_zm_rifle	-1463.631348 -92.851265 185.342239	3.281 1.230 64.879
weapon_zm_rifle	-178.804672 79.803001 -0.836736	3.553 12.609 65.652
weapon_zm_rifle	-1324.103394 658.245850 359.177826	3.486 12.659 65.397
weapon_zm_rifle	-1323.734741 591.456787 359.142365	3.572 12.656 65.226
weapon_zm_rifle	-1326.119995 530.097717 359.112518	3.643 12.653 65.083
weapon_zm_rifle	-285.767517 240.794052 150.690872	9.832 8.277 65.476
weapon_zm_rifle	-369.295441 250.492126 160.380890	9.822 8.279 65.977
weapon_zm_rifle	-3389.110107 1101.983398 239.130478	3.589 13.240 65.052
weapon_zm_rifle	-3461.824707 1096.951660 238.336533	4.519 -0.011 51.191
weapon_zm_rifle	-1417.106934 2286.495605 405.820740	-3.265 -3.111 -5.561
weapon_zm_mac10	-1319.616333 430.770416 9.307364	0.163 -52.444 -87.581
weapon_zm_mac10	-2958.109131 560.560303 201.304718	-0.029 -52.523 -87.525
weapon_zm_mac10	-2947.623047 3031.936523 9.161997	-0.443 -44.430 -87.887
weapon_zm_mac10	-2108.280029 -82.366753 1.219676	-0.545 -49.481 -87.917
weapon_zm_mac10	-109.241081 399.525665 1.207725	-0.219 -26.937 -88.055
weapon_zm_mac10	108.231636 2595.481201 1.271487	-0.492 -60.567 -88.513
weapon_ttt_p228	-1140.858521 1483.635620 2.681734	-7.056 35.379 91.261
weapon_ttt_p228	-1127.876221 1464.483521 2.197249	-6.689 35.349 90.859
weapon_ttt_p228	-1118.660767 1444.901245 1.398754	-6.469 39.883 90.342
item_ammo_pistol_ttt	-3752.351318 1097.380371 8.449611	-0.661 0.333 -0.478
item_ammo_pistol_ttt	-3761.534912 1097.397827 8.431527	-0.404 0.193 -0.510
item_ammo_pistol_ttt	-3770.948975 1097.271240 8.459594	1.381 0.151 0.193
item_ammo_pistol_ttt	-2394.199463 2885.144775 56.380066	-0.104 -0.020 -0.031
item_ammo_pistol_ttt	-2384.070313 2884.260986 56.372673	-0.110 -0.020 -0.033
item_ammo_pistol_ttt	-2374.765137 2885.038574 56.368805	-0.114 -0.020 -0.034
item_ammo_pistol_ttt	-986.069336 2350.354248 8.440391	1.177 0.147 0.002
item_ammo_pistol_ttt	-977.583313 2349.768799 8.374560	-0.109 -0.020 -0.033
item_ammo_pistol_ttt	-968.913818 2350.292236 8.380063	-0.104 -0.020 -0.031
item_ammo_pistol_ttt	-3110.160156 -479.000336 240.370743	-0.112 -0.020 -0.034
item_ammo_pistol_ttt	-3118.695068 -477.202271 240.383591	-0.101 -0.020 -0.030
item_ammo_pistol_ttt	-3126.583008 -476.807190 240.380051	-0.104 -0.020 -0.031
item_ammo_pistol_ttt	-2649.562744 1014.365784 376.362030	-0.025 0.053 0.122
item_ammo_pistol_ttt	-2641.002930 1012.115845 376.338196	-0.140 -0.019 -0.042
item_ammo_pistol_ttt	-2632.429199 1013.023926 376.380066	-0.104 -0.020 -0.031
item_ammo_pistol_ttt	-1370.540527 -499.817474 9.467907	0.412 0.168 -6.886
item_ammo_pistol_ttt	-1379.194458 -499.429230 10.289974	-0.169 -0.106 -0.683
item_ammo_pistol_ttt	-1390.054321 -501.522675 9.566156	0.344 0.180 -7.576
item_ammo_pistol_ttt	-3800.796875 1110.084106 240.325592	-0.151 -0.018 -0.046
item_ammo_pistol_ttt	-3788.589844 1111.918335 240.473297	0.107 0.028 0.064
item_ammo_pistol_ttt	-3777.855225 1110.963989 240.487213	0.169 -0.253 0.020
item_ammo_pistol_ttt	-1929.146729 503.667664 63.356472	-0.124 -0.019 -0.038
item_ammo_pistol_ttt	-1937.062988 504.293091 63.411007	-0.077 -0.020 -0.023
item_ammo_pistol_ttt	-1943.650879 504.125824 63.349876	-0.130 -0.019 -0.039
item_ammo_pistol_ttt	-2704.771729 -158.880646 64.330750	-0.147 -0.018 -0.044
item_ammo_pistol_ttt	-2713.030273 -158.397034 64.378258	-0.105 -0.020 -0.032
item_ammo_pistol_ttt	-2722.765869 -158.074203 64.457199	-0.332 -0.067 -0.378
item_ammo_pistol_ttt	-3427.448486 493.052490 0.362781	-0.119 -0.019 -0.036
item_ammo_pistol_ttt	-3419.260498 493.409393 0.401226	0.085 0.020 -0.026
item_ammo_pistol_ttt	-3409.543945 494.247894 0.330756	0.147 0.018 -0.044
item_ammo_pistol_ttt	-3784.266846 933.324524 40.444195	-0.645 0.108 -0.561
item_ammo_pistol_ttt	-3792.501465 933.335693 40.442234	-0.638 0.042 -0.558
item_ammo_pistol_ttt	-3800.101807 933.387268 40.383812	-0.595 0.047 -0.165
item_ammo_pistol_ttt	-2528.178223 1823.763062 0.376421	-0.107 -0.019 -0.032
item_ammo_pistol_ttt	-2537.010986 1823.115967 0.388696	-0.096 -0.020 -0.029
item_ammo_pistol_ttt	-2546.217773 1822.874268 0.388696	-0.096 -0.020 -0.029
item_ammo_pistol_ttt	-3727.765137 -480.847137 240.328186	-0.149 -0.018 -0.045
item_ammo_pistol_ttt	-3735.160156 -481.110565 240.422272	1.060 0.059 0.136
item_ammo_pistol_ttt	-3743.010254 -481.665955 240.407867	1.056 -0.316 0.001
item_ammo_pistol_ttt	-1810.836060 109.876175 184.339905	0.097 -0.119 -0.008
item_ammo_pistol_ttt	-1803.124878 109.257965 184.408447	1.429 -0.213 -0.008
item_ammo_pistol_ttt	-1794.332764 108.604698 184.374557	-0.108 -0.019 -0.033
item_ammo_pistol_ttt	-93.749321 520.247681 0.363754	0.031 -0.029 -0.004
item_ammo_pistol_ttt	-84.361824 518.314880 0.373553	0.072 -0.023 0.018
item_ammo_pistol_ttt	-74.662392 516.920410 0.387456	0.104 -0.022 0.003
item_ammo_pistol_ttt	-736.293152 1247.698486 8.370752	-0.112 -0.019 -0.034
item_ammo_pistol_ttt	-726.947754 1247.660034 8.360709	-0.121 -0.019 -0.036
item_ammo_pistol_ttt	-718.972839 1248.505981 8.398233	-0.088 -0.020 -0.027
item_ammo_pistol_ttt	-608.741211 2431.659180 216.354523	0.028 0.030 0.004
item_ammo_pistol_ttt	-600.976318 2431.370117 216.423218	0.605 -0.065 0.276
item_ammo_pistol_ttt	-593.178284 2434.451172 216.388702	-0.096 -0.020 -0.029
item_ammo_pistol_ttt	-380.265778 2317.163574 48.396843	0.020 0.031 0.003
item_ammo_pistol_ttt	-388.914978 2316.408691 48.390495	0.021 0.031 0.003
item_ammo_pistol_ttt	-399.118134 2313.704590 48.378422	0.024 0.031 0.003
item_ammo_pistol_ttt	-2198.895752 1164.020874 8.376424	-0.107 -0.019 -0.032
item_ammo_pistol_ttt	-2208.088135 1166.202148 8.380064	-0.104 -0.020 -0.031
item_ammo_pistol_ttt	-2215.552979 1164.104736 8.401224	-0.085 -0.020 -0.026
item_ammo_pistol_ttt	-2164.019775 2675.763428 376.396698	-0.089 -0.020 -0.027
item_ammo_pistol_ttt	-2171.978516 2674.629395 376.443604	-1.115 -1.359 0.002
item_ammo_pistol_ttt	-2180.932617 2672.967529 376.374542	-0.108 -0.019 -0.033
item_ammo_pistol_ttt	-1311.189331 768.584595 184.410004	0.596 2.215 0.001
item_ammo_pistol_ttt	-1299.966553 768.194824 184.347595	-0.132 -0.019 -0.040
item_ammo_pistol_ttt	-1321.428467 768.202026 184.388687	-0.096 -0.020 -0.029
item_ammo_pistol_ttt	-1427.476685 406.824280 8.354309	-0.126 -0.019 -0.038
item_ammo_pistol_ttt	-1436.536865 407.958771 8.383595	-0.101 -0.020 -0.030
item_ammo_pistol_ttt	-1445.373413 407.394775 8.387023	-0.098 -0.020 -0.030
item_ammo_pistol_ttt	-3046.495605 2672.547119 8.366826	-0.115 -0.019 -0.035
item_ammo_pistol_ttt	-3037.827393 2673.307373 8.381844	-0.102 -0.020 -0.031
item_ammo_pistol_ttt	-3028.326660 2675.520264 8.381844	-0.102 -0.020 -0.031
item_ammo_pistol_ttt	-1706.481201 2003.263794 0.448567	-0.044 -0.020 -0.013
item_ammo_pistol_ttt	-1723.363159 1985.800903 0.430081	1.654 -0.169 -0.089
item_ammo_pistol_ttt	-1741.021362 1971.622314 0.382010	0.023 0.031 0.003
item_ammo_pistol_ttt	-993.494995 1609.442627 -0.244253	1.018 -0.739 -4.771
item_ammo_pistol_ttt	-1016.678223 1609.285278 -0.266811	-1.193 0.853 -4.604
item_ammo_pistol_ttt	-1035.877197 1609.159302 -0.321922	0.487 -0.652 -4.711
item_ammo_pistol_ttt	-1054.305298 1609.136597 -0.282999	0.071 -0.138 -4.514
item_ammo_pistol_ttt	-1073.138916 1609.174683 -0.304126	0.089 -0.418 -4.517
item_ammo_pistol_ttt	-1092.128662 1609.205200 -0.275536	-0.445 0.637 -4.682
item_ammo_pistol_ttt	-1101.147339 1413.109985 0.666641	-3.808 -0.063 0.002
item_ammo_pistol_ttt	-1086.500610 1389.343262 1.504560	-4.955 -0.075 0.019
item_ammo_pistol_ttt	-1075.315552 1366.650879 1.661106	-4.831 -0.600 1.268
item_ammo_pistol_ttt	-964.582642 239.284149 0.790945	5.818 -0.102 -0.009
item_ammo_pistol_ttt	-962.195496 266.530426 0.614751	5.611 -0.058 -0.005
item_ammo_pistol_ttt	-963.429016 294.176758 0.723365	5.365 -0.039 -0.003
item_ammo_pistol_ttt	-1780.414429 110.202049 184.449112	-0.168 0.859 -0.377
item_ammo_pistol_ttt	-1765.688477 110.031860 184.456726	-0.182 1.256 -0.332
item_ammo_pistol_ttt	-2477.635010 1260.151733 552.439026	0.367 -0.039 0.183
item_ammo_pistol_ttt	-2461.847900 1262.443359 552.411926	1.726 0.184 0.059
item_ammo_pistol_ttt	-2444.663086 1262.161621 552.441895	-0.414 0.754 -0.504
item_ammo_pistol_ttt	-2427.282227 1262.258423 552.445740	-0.700 0.321 -0.566
item_ammo_pistol_ttt	-3368.291992 530.029663 472.356476	-0.124 -0.019 -0.038
item_ammo_pistol_ttt	-3385.181152 529.274658 472.424744	0.235 0.158 -0.406
item_ammo_pistol_ttt	-3399.968262 529.207153 472.449097	-0.533 0.657 -0.495
item_ammo_pistol_ttt	-3358.870117 529.248413 472.452362	0.524 -0.163 0.132
item_ammo_pistol_ttt	-3352.530029 529.746094 472.488861	-1.772 -0.619 0.510
item_ammo_pistol_ttt	-561.191650 931.241577 8.372672	-0.110 -0.019 -0.033
item_ammo_pistol_ttt	-553.643555 929.298828 8.470347	-0.696 0.164 -0.378
item_ammo_pistol_ttt	-544.024658 930.505798 8.333273	-0.145 -0.018 -0.044
item_ammo_pistol_ttt	-531.038452 929.358337 8.451052	-0.413 0.214 -0.444
item_ammo_pistol_ttt	-1490.328247 3047.382324 0.470150	0.738 0.210 0.064
item_ammo_pistol_ttt	-1477.564331 3047.472656 0.367062	0.941 0.055 0.056
item_ammo_pistol_ttt	-1465.642700 3047.374512 0.459763	1.009 0.242 0.088
item_ammo_pistol_ttt	-3817.657227 587.273926 240.402679	-0.084 -0.020 -0.025
item_ammo_pistol_ttt	-3819.595947 608.674622 240.364807	-0.117 -0.019 -0.035
item_ammo_pistol_ttt	-3820.829346 634.684021 240.349884	-0.263 -0.021 -0.115
item_ammo_pistol_ttt	-3806.615967 587.293945 240.358597	-0.122 -0.019 -0.037
item_ammo_pistol_ttt	-3808.178711 609.560608 240.395142	-0.090 -0.020 -0.027
item_ammo_pistol_ttt	-3812.583008 634.190613 240.347610	-0.132 -0.019 -0.040
item_ammo_pistol_ttt	-3448.220215 1259.819580 240.463242	-0.036 4.170 -0.242
item_ammo_pistol_ttt	-3436.320313 1259.212158 240.352097	-0.128 -0.019 -0.039
item_ammo_pistol_ttt	-3419.429932 1259.078735 240.360703	-0.121 -0.019 -0.037
item_ammo_pistol_ttt	-3402.592041 1258.370605 240.418884	-0.437 0.243 -0.620
item_ammo_pistol_ttt	-3384.584229 1258.258911 240.440430	-0.506 0.463 -0.532
item_ammo_pistol_ttt	-3815.328125 1953.087524 512.345337	-0.134 -0.019 -0.041
item_ammo_pistol_ttt	-3816.952637 1976.392944 512.390320	-0.095 -0.020 -0.029
item_ammo_pistol_ttt	-3816.545410 2000.463379 512.345337	-0.134 -0.019 -0.041
item_ammo_pistol_ttt	-2555.399902 -75.053825 64.322960	-0.154 -0.018 -0.046
item_ammo_pistol_ttt	-2536.276855 -73.788467 64.391975	-0.093 -0.020 -0.028
item_ammo_pistol_ttt	-2513.235596 -74.042763 64.354309	-0.126 -0.019 -0.038
item_ammo_pistol_ttt	-2767.839844 -77.232155 64.417389	-0.071 -0.020 -0.021
item_ammo_pistol_ttt	-2756.215088 -74.898888 64.354309	-0.126 -0.019 -0.038
item_ammo_pistol_ttt	-2743.971191 -74.272263 64.358604	-0.122 -0.019 -0.037
weapon_zm_molotov	-3675.686279 1560.217529 36.509052	0.305 0.002 0.046
weapon_zm_molotov	-3674.559814 1505.719482 36.536648	2.005 0.003 -1.881
weapon_zm_molotov	-2816.965088 1562.383545 36.556522	3.587 -0.099 -3.714
weapon_zm_molotov	-2817.180908 1508.504150 36.533371	1.185 0.012 -0.971
weapon_zm_molotov	-1872.525146 1562.146118 36.558582	3.534 -0.116 -3.658
weapon_zm_molotov	-1874.027222 1507.431763 36.597626	2.459 -0.126 -2.536
weapon_zm_molotov	-254.509613 1560.380249 36.523376	0.551 0.007 -0.254
weapon_zm_molotov	-255.341934 1509.218628 36.536575	2.404 -0.005 -2.322
weapon_zm_molotov	-1050.273315 998.188538 36.602776	2.317 -0.126 -2.390
weapon_zm_molotov	-1000.773193 998.039551 36.554729	3.648 -0.108 -3.780
weapon_zm_molotov	-1046.625122 269.770996 36.591526	2.598 -0.133 -2.676
weapon_zm_molotov	-998.137390 269.110260 36.556675	3.590 -0.099 -3.719
weapon_zm_molotov	-1049.040161 -305.864929 36.511547	0.328 0.002 0.016
weapon_zm_molotov	-997.659424 -307.612457 36.534847	1.410 0.011 -1.221
weapon_zm_molotov	-1627.914429 359.692352 36.518787	0.434 0.004 -0.116
weapon_zm_molotov	-1627.521484 306.083435 36.583729	2.866 -0.129 -2.964
weapon_zm_molotov	-1438.019531 1560.096069 36.523376	0.551 0.007 -0.254
weapon_zm_molotov	-1439.256348 1507.547729 36.585270	2.823 -0.137 -2.919
weapon_ttt_confgrenade	-2198.201172 -95.911987 35.539516	1.309 0.139 -0.334
weapon_ttt_confgrenade	-2252.712402 -95.778618 35.603035	0.545 0.132 -0.139
weapon_ttt_confgrenade	-1692.424438 360.836426 35.525040	0.359 -0.848 -1.211
weapon_ttt_confgrenade	-1694.586914 306.268280 35.530521	0.344 -0.869 -1.158
weapon_ttt_confgrenade	-998.314087 -235.813171 35.515739	1.593 0.146 -0.407
weapon_ttt_confgrenade	-1050.245850 -236.142960 35.536160	1.349 0.138 -0.345
weapon_ttt_confgrenade	-999.348083 594.593018 35.546085	1.232 -0.139 0.315
weapon_ttt_confgrenade	-1048.935181 593.932983 35.522594	1.667 -0.240 -1.430
weapon_ttt_confgrenade	-679.033508 1565.928223 35.545536	0.300 -0.890 -1.010
weapon_ttt_confgrenade	-680.280212 1505.963013 35.525043	0.359 -0.848 -1.211
weapon_ttt_confgrenade	-1374.155640 1556.804443 35.559212	0.099 -0.215 0.742
weapon_ttt_confgrenade	-1375.102539 1507.887329 35.555080	0.104 -0.215 0.776
weapon_ttt_confgrenade	-2256.410645 1561.188110 35.505917	0.158 -0.195 1.185
weapon_ttt_confgrenade	-2256.974854 1507.262085 35.522163	0.140 -0.206 1.050
weapon_ttt_confgrenade	-3311.715332 1562.704590 35.551575	0.282 -0.894 -0.951
weapon_ttt_confgrenade	-3313.847412 1505.549316 35.582001	0.193 -0.905 -0.652
item_ammo_revolver_ttt	-2152.816406 1051.147461 0.330394	0.450 0.068 0.056
item_ammo_revolver_ttt	-2142.450928 1050.996094 0.371497	0.584 0.080 0.049
item_ammo_revolver_ttt	-2133.793457 1051.249756 0.352337	0.636 0.015 -0.175
item_ammo_revolver_ttt	-2534.562256 -157.257767 64.305161	0.446 0.082 0.065
item_ammo_revolver_ttt	-2543.296387 -158.387589 64.357109	0.456 0.062 0.044
item_ammo_revolver_ttt	-2550.576660 -158.729218 64.358810	0.456 0.062 0.044
item_ammo_revolver_ttt	-3679.926270 -480.011200 8.307571	0.446 0.080 0.065
item_ammo_revolver_ttt	-3688.394043 -480.008026 8.372944	0.458 0.057 0.039
item_ammo_revolver_ttt	-3696.618896 -479.710358 8.312415	0.446 0.073 0.063
item_ammo_revolver_ttt	-3263.444580 2162.146973 184.389114	0.462 0.057 0.032
item_ammo_revolver_ttt	-3256.181396 2162.143799 184.344467	0.453 0.064 0.049
item_ammo_revolver_ttt	-3249.295410 2162.081299 184.360474	0.457 0.060 0.043
item_ammo_revolver_ttt	-3492.899170 2943.898438 384.332550	0.451 0.066 0.054
item_ammo_revolver_ttt	-3484.141602 2943.843018 384.363770	0.457 0.060 0.042
item_ammo_revolver_ttt	-3475.788086 2943.789551 384.389130	0.462 0.057 0.032
item_ammo_revolver_ttt	-2646.275635 2471.757324 144.368851	0.467 0.059 0.037
item_ammo_revolver_ttt	-2654.760254 2471.421875 144.360886	0.467 0.060 0.040
item_ammo_revolver_ttt	-2663.239990 2471.463135 144.364136	0.467 0.060 0.038
item_ammo_revolver_ttt	-2254.914307 536.114685 200.342560	0.453 0.064 0.050
item_ammo_revolver_ttt	-2262.721191 535.678467 200.362122	0.457 0.060 0.043
item_ammo_revolver_ttt	-2270.293457 535.013184 200.362122	0.457 0.060 0.043
item_ammo_revolver_ttt	-999.894287 1907.198853 8.369998	0.458 0.059 0.039
item_ammo_revolver_ttt	-991.795288 1907.765015 8.390337	0.462 0.057 0.031
item_ammo_revolver_ttt	-983.291443 1908.466675 8.351863	0.455 0.062 0.047
item_ammo_revolver_ttt	-1461.682617 2322.473389 216.385300	0.461 0.054 0.034
item_ammo_revolver_ttt	-1461.021973 2310.872314 216.451523	0.610 4.426 -0.086
item_ammo_revolver_ttt	-1462.411865 2296.290771 216.445831	0.612 -2.735 0.386
item_ammo_revolver_ttt	-276.008514 297.403290 96.348228	0.454 0.064 0.048
item_ammo_revolver_ttt	-285.035736 298.110168 96.362129	0.457 0.060 0.043
item_ammo_revolver_ttt	-293.619110 298.002808 96.412949	0.467 0.056 0.023
item_ammo_revolver_ttt	-1940.039673 -435.958405 0.364027	0.479 -0.009 -0.062
item_ammo_revolver_ttt	-1947.773071 -435.465820 0.388094	0.057 0.276 0.057
item_ammo_revolver_ttt	-1956.242798 -437.098297 0.348564	0.504 -0.049 -0.011
item_ammo_revolver_ttt	-3479.687256 1071.613892 472.380035	0.460 0.056 0.036
item_ammo_revolver_ttt	-3470.771484 1072.450928 472.360413	0.456 0.058 0.044
item_ammo_revolver_ttt	-3463.148193 1072.539063 472.357056	0.455 0.059 0.045
item_ammo_revolver_ttt	-655.167175 3097.956055 8.334612	0.452 0.066 0.053
item_ammo_revolver_ttt	-655.235657 3111.995605 8.404594	0.465 0.056 0.026
item_ammo_revolver_ttt	-656.243347 3128.213623 8.470264	0.478 -1.490 -0.000
item_ammo_revolver_ttt	-1886.005371 1025.613037 184.326141	0.450 0.070 0.057
item_ammo_revolver_ttt	-1886.201416 1039.868286 184.344467	0.453 0.064 0.049
item_ammo_revolver_ttt	-1886.986694 1052.698730 184.358795	0.456 0.062 0.044
item_ammo_revolver_ttt	-3350.226563 2151.874512 215.982941	0.476 0.047 0.002
item_ammo_revolver_ttt	-3349.997314 2140.236816 215.978607	0.475 0.048 0.003
item_ammo_revolver_ttt	-3348.866943 2129.800781 215.981461	0.477 1.067 -0.064
item_ammo_revolver_ttt	-3347.194824 2120.079102 215.969070	0.818 0.645 -0.004
item_ammo_revolver_ttt	-3348.175293 2110.006348 215.948257	1.228 0.465 -0.004
item_ammo_revolver_ttt	-738.204041 1583.117188 1.739849	0.341 0.709 -5.078
item_ammo_revolver_ttt	-746.424805 1574.946777 2.375429	0.247 0.817 -5.026
item_ammo_revolver_ttt	-754.333862 1567.066162 3.004591	0.454 0.856 -4.982
item_ammo_revolver_ttt	-761.887451 1559.675537 3.602382	0.452 0.961 -4.813
item_ammo_revolver_ttt	-187.391098 1093.996338 8.439569	1.182 -0.412 -0.933
item_ammo_revolver_ttt	-198.712738 1093.960938 8.464955	1.063 -0.320 -0.491
item_ammo_revolver_ttt	-215.342712 1094.505493 8.424459	1.435 1.285 -0.030
item_ammo_revolver_ttt	-230.440735 1094.009155 8.453949	0.755 -0.279 -0.426
item_ammo_revolver_ttt	-248.777542 1093.981445 8.440202	1.133 -0.275 -0.888
item_ammo_revolver_ttt	-1463.279175 377.615723 5.445368	0.979 -0.435 -0.706
item_ammo_revolver_ttt	-1449.057373 377.702637 5.424998	0.913 -0.396 -0.945
item_ammo_revolver_ttt	-1432.114624 377.559875 5.464484	1.678 -0.567 -0.936
item_ammo_revolver_ttt	-1655.988281 1255.390137 360.314850	0.448 0.075 0.061
item_ammo_revolver_ttt	-1634.433716 1257.707520 360.449768	1.187 0.282 -0.793
item_ammo_revolver_ttt	-1611.133057 1258.187744 360.434418	1.269 0.530 -0.050
item_ammo_revolver_ttt	-1642.661743 1257.614136 360.428925	0.875 -0.284 -0.862
item_ammo_revolver_ttt	-1621.987305 1257.621094 360.402802	0.052 -0.118 0.350
item_ammo_revolver_ttt	-2263.880371 1482.023682 1.965303	0.756 -1.654 9.677
item_ammo_revolver_ttt	-2252.677002 1481.843140 1.934041	0.852 -2.231 9.439
item_ammo_revolver_ttt	-2240.780029 1481.837402 1.950463	0.808 -2.201 8.968
item_ammo_revolver_ttt	-2230.863037 1481.830444 1.924629	0.800 -2.204 9.038
item_ammo_revolver_ttt	-2605.088135 2670.032471 362.363007	-17.730 -1.551 0.502
item_ammo_revolver_ttt	-2586.428467 2664.492432 368.185181	-17.916 -1.579 0.520
item_ammo_revolver_ttt	-2565.893066 2655.738770 374.609406	-17.784 -1.557 0.507
item_ammo_revolver_ttt	-2546.927734 2654.753662 380.553253	-17.442 -1.533 0.484
item_ammo_revolver_ttt	-2630.980225 2427.653809 144.354065	0.466 0.062 0.042
item_ammo_revolver_ttt	-2631.692871 2412.726318 144.370361	0.468 0.059 0.036
item_ammo_revolver_ttt	-2632.623291 2393.302002 144.379028	0.468 0.058 0.033
item_ammo_revolver_ttt	-2630.316162 2374.987549 144.315414	0.462 0.075 0.056
weapon_zm_shotgun	-250.610077 316.021667 97.244766	-0.333 9.591 83.456
weapon_zm_shotgun	-1146.116821 2496.757568 9.267369	-0.267 5.742 83.749
weapon_zm_shotgun	-2320.200439 1835.065186 1.006444	-0.651 -10.924 -84.561
weapon_zm_shotgun	-3550.081299 662.020874 65.240921	-0.388 9.631 83.531
weapon_zm_shotgun	-3615.271973 282.995361 1.246279	-0.116 5.735 83.543
weapon_zm_shotgun	-3357.295410 2077.742676 185.261795	-0.204 2.857 83.453
weapon_zm_sledge	-3815.005859 -251.063660 60.381226	18.340 -2.233 2.368
weapon_zm_sledge	-3195.315918 2939.084473 388.342285	18.303 2.997 3.863
weapon_zm_sledge	-883.565002 2101.871338 12.372943	18.409 10.349 1.924
weapon_zm_sledge	-1878.382324 1122.931885 12.357520	18.358 -1.419 3.734
weapon_zm_sledge	-2611.875977 768.695923 12.427073	18.583 0.176 2.806
weapon_zm_sledge	-1002.203064 1734.723999 38.703705	18.453 0.205 2.880
weapon_zm_revolver	-2151.228027 1064.229370 1.923468	3.175 -12.420 -83.280
weapon_zm_revolver	-2549.831787 -141.600174 65.869141	1.570 -25.226 -86.544
weapon_zm_revolver	-3695.132080 -464.972687 9.982730	2.963 -24.835 -84.785
weapon_zm_revolver	-3264.602295 2148.160645 185.844955	1.381 -10.146 -86.871
weapon_zm_revolver	-3492.267334 2930.442871 385.866119	2.505 -13.220 -84.919
weapon_zm_revolver	-2658.466064 2463.179932 145.923370	1.994 -23.998 -85.805
weapon_zm_revolver	-2269.530029 549.025818 201.916946	1.944 -24.116 -85.893
weapon_zm_revolver	-998.765320 1895.184937 9.845207	1.678 -14.183 -86.234
weapon_zm_revolver	-1480.170166 2312.883545 217.949539	2.583 -38.062 -85.756
weapon_zm_revolver	-292.353424 315.361572 97.912491	1.909 -25.296 -85.954
weapon_zm_revolver	-1955.170288 -422.514526 1.914841	3.232 -19.259 -82.366
weapon_zm_revolver	-3476.582520 1059.334229 473.843933	1.444 -11.579 -86.591
weapon_zm_revolver	-648.470215 3111.570557 9.895464	1.776 -14.330 -86.186
weapon_zm_revolver	-1880.557983 1038.770630 185.871292	1.587 -15.897 -86.514
weapon_zm_revolver	-3339.151367 2147.443359 216.487335	2.268 -17.264 -85.327
weapon_zm_revolver	-3335.909424 2132.416748 216.486954	2.272 -17.255 -85.323
weapon_zm_revolver	-3335.376221 2116.436768 216.485947	2.279 -17.264 -85.311
weapon_zm_revolver	-696.481262 1553.575684 32.980450	2.619 -17.301 -85.493
weapon_zm_revolver	-717.153503 1556.681396 32.970787	2.153 -18.669 -85.529
weapon_zm_revolver	-167.868927 1126.547852 8.849129	3.168 -36.400 -83.672
weapon_zm_revolver	-167.405457 1114.352173 8.839361	2.790 -35.363 -84.406
weapon_zm_revolver	-166.811356 1101.222168 8.834293	3.265 -28.618 -83.474
weapon_zm_revolver	-1526.238525 364.921783 3.012092	-1.610 29.497 91.881
weapon_zm_revolver	-1498.906494 371.250610 4.185337	-2.771 24.535 90.511
weapon_zm_revolver	-1713.964233 1243.050171 360.970459	1.846 -20.629 -86.063
weapon_zm_revolver	-1684.742920 1250.196411 360.970520	1.905 -20.599 -85.960
weapon_zm_revolver	-2334.221680 1481.995972 -0.525208	17.744 -14.995 -51.942
weapon_zm_revolver	-2310.027588 1486.455688 0.789022	-4.625 21.755 92.432
weapon_zm_revolver	-2290.727783 1485.987183 1.857917	-3.617 18.431 90.556
weapon_zm_revolver	-2621.142578 2683.048584 424.671661	12.033 30.260 88.539
weapon_zm_revolver	-2570.017578 2680.659180 415.233826	11.923 30.257 89.006
weapon_zm_revolver	-2637.010986 2501.556885 144.842636	1.976 -42.754 -84.943
weapon_zm_revolver	-2636.133789 2492.098877 144.820847	2.744 -42.006 -83.572
weapon_ttt_aug	-3807.204102 619.004761 472.567993	0.092 9.834 86.943
weapon_ttt_aug	-170.610153 -135.022415 0.553011	0.166 9.613 87.069
weapon_ttt_aug	-1829.236694 3045.160645 2.297825	-0.008 -6.112 -73.771
weapon_ttt_aug	-1791.017456 3045.210205 6.481206	-9.370 7.960 -83.294
weapon_ttt_sg552	-1730.784546 2004.666626 1.031492	2.517 2.589 -85.062
weapon_ttt_sg552	-1060.876343 1559.809937 33.033897	2.467 2.597 -85.002
weapon_ttt_sg552	-973.937012 1568.767456 33.028282	2.583 2.574 -85.144
weapon_ttt_sg552	-948.517578 218.828552 -0.102387	6.295 -4.846 83.758
weapon_ttt_sg552	-1874.085083 30.439165 218.807449	1.717 0.746 -84.425
weapon_ttt_sg552	-1873.658813 69.155182 218.820694	1.566 -1.644 -84.561
weapon_ttt_sg552	-2541.719482 1241.979736 553.037842	2.063 0.882 -84.370
weapon_ttt_sg552	-2508.306641 1247.187256 553.826721	3.767 5.759 -88.373
weapon_ttt_sg552	-3312.016357 538.033936 473.030273	2.542 2.061 -85.093
weapon_ttt_sg552	-543.049072 959.506897 9.000997	1.480 16.578 -83.085
weapon_ttt_sg552	-1524.702637 3044.312012 0.989587	2.989 -6.293 -83.941
weapon_ttt_sg552	-3800.012451 563.289429 241.675446	1.112 3.621 -88.868
weapon_ttt_sg552	-3489.626709 1245.499634 241.029190	2.564 2.056 -85.121
weapon_ttt_sg552	-2880.144043 1907.114990 513.047485	2.185 1.589 -84.657
weapon_ttt_sg552	-3773.264648 1919.300171 513.042542	2.288 1.551 -84.784
weapon_ttt_sg552	-2686.893066 -88.696579 65.046440	2.207 1.581 -84.684
weapon_ttt_sg552	-2593.625488 -81.778740 65.045448	2.228 1.575 -84.709
