# Trouble in Terrorist Town weapon/ammo placement overrides
# For map: ttt_67thway_v7
# Exported by: General Butthurt
setting:	replacespawns 0
weapon_ttt_smokegrenade	-1160.369995 1447.310059 149.735001	0.000 0.000 0.000
weapon_ttt_smokegrenade	-1174.469971 1447.119995 149.735001	0.000 0.000 0.000
weapon_ttt_smokegrenade	-1191.949951 1445.790039 149.735001	0.000 0.000 0.000
weapon_ttt_smokegrenade	-1208.069946 1446.000000 149.735001	0.000 0.000 0.000
weapon_zm_pistol	-1010.409973 1209.000000 145.000000	0.000 0.000 89.000
weapon_zm_pistol	-1408.000000 6129.000000 260.022003	0.000 0.000 0.000
weapon_zm_pistol	-1419.160034 6129.000000 262.000000	0.000 0.000 0.000
weapon_zm_pistol	-913.914978 47.153599 106.723000	0.000 0.000 0.000
weapon_zm_pistol	-1036.290039 -307.898010 106.723000	0.000 0.000 0.000
weapon_ttt_pump_shotgun	-1126.980835 1704.956299 89.502892	-0.518 -10.196 -89.834
weapon_ttt_pump_shotgun	-1128.808350 1757.476440 89.532379	-0.520 -10.068 -89.643
weapon_ttt_pump_shotgun	-1126.936157 1805.667725 89.502831	-0.520 -10.196 -89.935
weapon_ttt_pump_shotgun	-517.413940 491.182861 -446.506989	-0.453 -9.740 -89.523
weapon_ttt_pump_shotgun	-478.918457 485.191040 -446.514313	-0.410 -9.749 -89.606
weapon_ttt_pump_shotgun	-1004.506104 -622.867188 -446.504608	-0.476 -10.291 -89.969
weapon_ttt_pump_shotgun	-1068.761353 -618.728394 -446.501221	-0.491 -10.286 -89.724
ttt_random_weapon	-888.000000 -904.000000 -33.627102	0.000 0.000 0.000
ttt_random_weapon	-904.000000 -896.000000 -33.627102	0.000 0.000 0.000
ttt_random_weapon	-936.000000 -888.000000 -33.627102	0.000 0.000 0.000
ttt_random_weapon	-944.000000 -904.000000 -33.627102	0.000 0.000 0.000
ttt_random_weapon	936.739990 1345.250000 122.373001	0.000 0.000 0.000
ttt_random_weapon	943.059021 1280.290039 122.373001	0.000 0.000 0.000
ttt_random_weapon	1315.640015 1110.859985 122.373001	0.000 89.000 0.000
ttt_random_weapon	-2223.379883 6214.379883 218.373001	0.000 0.000 0.000
ttt_random_weapon	-2225.500000 6123.410156 218.373001	0.000 0.000 0.000
ttt_random_weapon	-2229.830078 6026.379883 218.373001	0.000 0.000 0.000
ttt_random_weapon	-394.263000 2505.919922 90.372902	0.000 0.000 0.000
ttt_random_weapon	-388.950012 2430.820068 90.372902	0.000 0.000 0.000
ttt_random_weapon	-384.165985 2473.949951 90.372902	0.000 0.000 0.000
ttt_random_weapon	-1006.349976 5912.069824 74.372902	0.000 0.000 0.000
ttt_random_weapon	-999.372986 5861.589844 74.372902	0.000 0.000 0.000
ttt_random_weapon	-990.560974 5798.390137 74.372902	0.000 0.000 0.000
ttt_random_weapon	-991.924988 5755.830078 74.372902	0.000 0.000 0.000
ttt_random_weapon	-1692.459961 5760.060059 74.372902	0.000 0.000 0.000
ttt_random_weapon	-1692.869995 5826.359863 74.372902	0.000 0.000 0.000
ttt_random_weapon	-1701.229980 5882.240234 74.372902	0.000 0.000 0.000
ttt_random_weapon	-2233.379883 5734.160156 58.372898	0.000 0.000 0.000
ttt_random_weapon	-2440.850098 5729.819824 58.372898	0.000 0.000 0.000
ttt_random_weapon	-1846.880005 5184.459961 58.372898	0.000 0.000 0.000
ttt_random_weapon	-1836.069946 5216.330078 58.372898	0.000 0.000 0.000
ttt_random_weapon	-1216.810059 5223.000000 58.372898	0.000 0.000 0.000
ttt_random_weapon	-784.000000 1425.510010 162.000000	0.000 94.000 0.000
ttt_random_weapon	-467.355988 -528.338989 -629.627014	0.000 0.000 0.000
item_ammo_357_ttt	-1034.560059 219.981003 233.276001	0.000 0.000 0.000
item_ammo_357_ttt	-1031.880005 207.647003 233.276001	0.000 0.000 0.000
item_ammo_357_ttt	-1119.180054 1306.640015 93.275803	0.000 0.000 0.000
item_ammo_357_ttt	-1120.000000 1327.160034 93.275803	0.000 0.000 0.000
item_ammo_357_ttt	-1099.130005 1309.079956 93.275803	0.000 0.000 0.000
item_ammo_357_ttt	-1102.530029 1328.900024 93.275803	0.000 0.000 0.000
item_ammo_357_ttt	1008.000000 1072.000000 241.276001	0.000 0.000 0.000
item_ammo_357_ttt	1024.000000 1072.000000 241.276001	0.000 0.000 0.000
item_ammo_357_ttt	-2890.659912 5948.129883 420.276001	0.000 0.000 0.000
item_ammo_357_ttt	1220.430054 308.882996 130.276001	0.000 0.000 0.000
item_ammo_357_ttt	1239.609985 307.816010 130.276001	0.000 0.000 0.000
item_ammo_357_ttt	1028.979980 309.919006 130.276001	0.000 0.000 0.000
item_ammo_357_ttt	1045.280029 303.721008 130.276001	0.000 0.000 0.000
item_ammo_smg1_ttt	1001.000000 202.000000 -165.000000	0.000 0.000 0.000
item_ammo_smg1_ttt	1018.000000 202.000000 -165.000000	0.000 0.000 0.000
item_ammo_smg1_ttt	-907.918030 1221.760010 93.344704	0.000 0.000 0.000
item_ammo_smg1_ttt	-943.802979 1223.449951 93.344704	0.000 0.000 0.000
item_ammo_smg1_ttt	-910.419006 1253.050049 93.344704	0.000 0.000 0.000
item_ammo_smg1_ttt	-940.971008 1249.969971 93.344704	0.000 0.000 0.000
item_ammo_smg1_ttt	-924.968994 1231.949951 93.344704	0.000 0.000 0.000
item_ammo_smg1_ttt	-924.758972 1254.640015 93.344704	0.000 0.000 0.000
item_ammo_smg1_ttt	1040.000000 1344.000000 241.345001	0.000 271.500 0.000
item_ammo_smg1_ttt	1008.000000 1360.000000 241.345001	0.000 0.000 0.000
item_ammo_smg1_ttt	-2813.560059 6225.600098 65.344704	0.000 0.000 0.000
item_ammo_smg1_ttt	-2784.580078 6227.899902 65.344704	0.000 0.000 0.000
item_ammo_smg1_ttt	-1061.000000 -286.000000 145.000000	0.000 0.000 0.000
item_ammo_smg1_ttt	-810.000000 652.000000 -416.000000	0.000 0.000 0.000
item_ammo_smg1_ttt	-766.000000 652.000000 -416.000000	0.000 0.000 0.000
item_ammo_smg1_ttt	-726.000000 651.000000 -416.148010	0.000 0.000 0.000
item_ammo_smg1_ttt	-1145.942871 1667.397217 88.501892	0.721 0.065 -0.054
item_ammo_smg1_ttt	-1131.624512 1667.829346 88.483971	-0.093 0.028 -0.117
item_ammo_smg1_ttt	-1145.814941 1668.745483 102.285255	0.709 0.059 -0.531
item_ammo_smg1_ttt	-1131.405640 1667.316650 102.231354	-0.139 0.119 -0.090
item_ammo_smg1_ttt	-1352.626953 1216.878540 88.516724	0.235 -0.012 -0.201
item_ammo_smg1_ttt	-1369.074341 1210.030762 88.463890	0.754 -0.029 -0.139
item_ammo_smg1_ttt	-1392.349121 1210.153076 88.511307	1.034 -0.184 -0.334
item_ammo_smg1_ttt	-1417.848877 1210.097290 88.496574	1.079 -0.056 -0.261
item_ammo_smg1_ttt	-1438.757568 1210.136230 88.519897	0.754 -0.177 -0.206
item_ammo_smg1_ttt	-1462.556396 1210.104126 88.497032	0.877 -0.153 -0.248
item_ammo_smg1_ttt	-1483.008179 1210.126831 88.452850	-0.544 -0.282 0.601
item_ammo_smg1_ttt	-610.683594 202.100845 -447.473694	-0.438 0.163 -0.130
item_ammo_smg1_ttt	-608.993835 222.019791 -447.490021	0.260 0.434 0.206
item_ammo_smg1_ttt	-617.719360 245.940567 -447.489380	0.330 0.204 0.274
item_ammo_smg1_ttt	-314.473999 -917.955261 -447.582031	-0.376 0.005 0.241
item_ammo_smg1_ttt	-291.038971 -917.871887 -447.482849	1.259 -0.166 -0.480
item_ammo_smg1_ttt	-264.767761 -917.774963 -447.467468	0.653 -0.433 -0.225
item_ammo_smg1_ttt	-237.581787 -917.785400 -447.495178	1.071 -0.381 -0.312
item_ammo_smg1_ttt	-308.542419 -814.411255 -447.608337	0.110 -0.005 0.061
item_ammo_smg1_ttt	-281.216492 -814.217224 -447.495575	-0.662 0.011 -0.503
weapon_ttt_m16	916.000000 -531.000000 164.000000	0.000 96.000 -97.500
weapon_ttt_m16	833.987976 -602.000000 -447.000000	0.000 0.000 90.500
weapon_ttt_m16	833.827026 -729.000000 -446.000000	0.000 0.000 90.500
weapon_ttt_m16	-778.000000 1821.319946 122.000000	-0.484 89.875 -75.499
weapon_ttt_m16	-616.000000 120.000000 156.000000	0.000 284.000 -89.500
weapon_ttt_m16	-1437.069946 1426.000000 126.000000	0.000 0.000 88.500
weapon_ttt_m16	-1486.069946 1426.000000 126.000000	0.000 0.000 88.500
weapon_ttt_m16	-604.000000 -237.000000 105.682999	0.000 86.000 90.500
weapon_ttt_m16	-2430.860107 4554.569824 62.413399	0.000 94.000 0.000
weapon_ttt_m16	-782.000000 1817.140015 158.000000	-0.484 89.875 -75.499
weapon_ttt_m16	-778.000000 1820.540039 134.000000	-0.484 89.875 -75.499
item_box_buckshot_ttt	601.262024 -735.721985 75.488701	0.000 0.000 -0.500
item_box_buckshot_ttt	619.000000 -735.000000 75.488701	0.000 0.000 -0.500
item_box_buckshot_ttt	766.000000 -472.000000 162.000000	0.000 0.000 0.000
item_box_buckshot_ttt	763.000000 -489.000000 162.000000	0.000 0.000 0.000
item_box_buckshot_ttt	-976.995972 -293.803009 -446.705994	0.000 50.500 0.000
item_box_buckshot_ttt	-990.054016 -279.183990 -446.705994	0.000 50.500 0.000
item_box_buckshot_ttt	-912.965027 95.111504 105.293999	0.000 180.000 0.000
item_box_buckshot_ttt	-917.203003 76.512398 105.293999	0.000 180.000 0.000
item_box_buckshot_ttt	-913.380005 120.977997 105.293999	0.000 180.000 0.000
item_box_buckshot_ttt	-805.132996 164.878006 233.294006	0.000 0.000 0.000
item_box_buckshot_ttt	-789.703003 164.832993 233.294006	0.000 0.000 0.000
item_box_buckshot_ttt	-264.000000 -368.000000 -636.510986	0.000 195.000 0.000
item_box_buckshot_ttt	-272.000000 -376.000000 -636.510986	0.000 195.000 0.000
item_box_buckshot_ttt	-1092.079712 1897.657959 88.418320	-0.852 -0.019 0.660
item_box_buckshot_ttt	-1078.912109 1898.568604 88.445793	1.797 -0.114 -0.520
item_box_buckshot_ttt	-1061.412354 1898.693848 88.474266	0.942 -0.128 -0.237
item_box_buckshot_ttt	-1047.239624 1896.775513 88.347260	0.712 0.003 -0.568
item_box_buckshot_ttt	-1091.087646 1886.311890 88.427109	-0.671 -0.006 0.596
item_box_buckshot_ttt	-1079.580444 1889.240112 88.476334	0.786 -0.790 -0.146
item_box_buckshot_ttt	-1062.140381 1889.003784 88.379059	0.129 0.003 -0.018
item_box_buckshot_ttt	-1049.835571 1884.025635 88.387764	-1.010 -0.011 0.895
item_box_buckshot_ttt	-428.226410 506.201569 -447.604889	-0.951 -0.004 0.843
item_box_buckshot_ttt	-428.221954 496.665466 -447.548492	-0.200 -0.626 0.193
item_box_buckshot_ttt	-420.865051 506.703064 -447.548981	1.473 -0.085 -0.350
item_box_buckshot_ttt	-420.601288 497.467834 -447.558441	1.727 -0.121 -0.422
item_box_buckshot_ttt	-411.839081 506.699615 -447.536194	1.200 -0.087 -0.303
item_box_buckshot_ttt	-412.497681 497.364838 -447.568085	1.917 -0.171 -0.441
item_box_buckshot_ttt	-400.504974 506.708679 -447.547485	2.018 -0.153 -0.684
item_box_buckshot_ttt	-401.914673 497.636444 -447.555817	1.622 -0.118 -0.377
item_box_buckshot_ttt	-391.171295 506.705261 -447.563263	1.830 -0.150 -0.440
item_box_buckshot_ttt	-392.588470 497.333588 -447.589386	1.215 -0.137 -0.337
item_box_buckshot_ttt	-1148.078613 -628.610657 -447.554474	0.827 0.127 0.202
item_box_buckshot_ttt	-1148.160034 -612.170715 -447.574219	1.108 0.195 -0.211
item_box_buckshot_ttt	-1148.076904 -593.723450 -447.539337	0.098 0.004 0.467
item_box_buckshot_ttt	-1134.572754 -625.186096 -447.617615	-0.432 0.000 0.436
item_box_buckshot_ttt	-1138.045044 -612.417053 -447.606079	-0.947 -0.002 0.842
item_box_buckshot_ttt	-1137.790161 -593.625732 -447.594666	-0.834 -0.008 0.741
weapon_ttt_galil	-1175.592651 1386.826294 89.194626	0.723 -12.949 -87.859
weapon_ttt_galil	-1241.369141 1394.224731 89.382095	0.150 -15.105 -90.419
weapon_ttt_galil	-474.013275 -912.713501 -447.379944	1.055 19.745 86.448
weapon_ttt_galil	-406.850464 -915.196289 -447.194855	-1.273 12.523 87.130
weapon_ttt_famas	-1125.360596 1843.353149 89.008621	-0.100 -16.342 -87.302
weapon_ttt_famas	-1124.987671 1876.035156 89.037697	0.000 15.881 89.069
weapon_ttt_famas	-510.424103 213.373825 -446.817078	0.000 16.040 90.000
weapon_ttt_famas	-556.128052 207.858032 -447.015106	0.000 13.726 88.731
weapon_ttt_glock	-866.000000 -574.000000 125.000000	0.000 250.000 0.000
weapon_ttt_glock	-789.000000 1283.000000 134.000000	6.523 299.711 -85.291
weapon_ttt_glock	-1066.000000 1208.000000 144.000000	0.000 0.000 89.500
weapon_ttt_glock	-1115.569946 1208.000000 145.000000	0.000 0.000 89.500
weapon_ttt_glock	1460.000000 1420.000000 276.938995	0.000 0.000 0.000
weapon_ttt_glock	-1519.709961 1446.189941 146.932007	0.000 0.000 0.000
weapon_ttt_glock	-1482.219971 1444.969971 146.932007	0.000 0.000 0.000
weapon_ttt_glock	-1497.500000 1444.630005 146.932007	0.000 0.000 0.000
ttt_random_ammo	343.972992 -917.525024 -446.998993	0.000 0.000 0.000
ttt_random_ammo	437.020996 -916.335999 -446.998993	0.000 0.000 0.000
ttt_random_ammo	121.830002 -912.375977 -446.998993	0.000 0.000 0.000
ttt_random_ammo	-41.921902 -909.828979 -446.998993	0.000 0.000 0.000
ttt_random_ammo	-131.315994 -909.551025 -446.998993	0.000 0.000 0.000
ttt_random_ammo	202.401001 -918.367004 -446.998993	0.000 0.000 0.000
ttt_random_ammo	-212.699005 -809.979980 -446.998993	0.000 0.000 0.000
ttt_random_ammo	-154.951004 -811.752014 -446.998993	0.000 0.000 0.000
ttt_random_ammo	212.903000 -815.802979 -446.998993	0.000 0.000 0.000
ttt_random_ammo	386.322998 -814.890015 -446.998993	0.000 0.000 0.000
ttt_random_ammo	484.114990 -816.216980 -446.998993	0.000 0.000 0.000
ttt_random_ammo	-1022.559998 1309.699951 93.000603	0.000 0.000 0.000
ttt_random_ammo	-1027.130005 1328.239990 93.000603	0.000 0.000 0.000
ttt_random_ammo	-991.768982 1331.520020 93.000603	0.000 0.000 0.000
ttt_random_ammo	-989.741028 1313.310059 93.000603	0.000 0.000 0.000
ttt_random_ammo	-1784.000000 1277.000000 108.375999	0.000 0.000 0.000
ttt_random_ammo	-1775.000000 1282.000000 108.375999	0.000 0.000 0.000
ttt_random_ammo	-1788.000000 1288.000000 108.375999	0.000 0.000 0.000
ttt_random_ammo	-1763.000000 1290.000000 108.375999	0.000 317.000 0.000
ttt_random_ammo	-1784.000000 1297.000000 108.375999	0.000 0.000 0.000
ttt_random_ammo	-1765.000000 1302.000000 108.375999	0.000 0.000 0.000
ttt_random_ammo	-2681.000000 6031.000000 98.243599	0.000 0.000 0.000
ttt_random_ammo	-2702.909912 6031.000000 98.104797	0.000 0.000 0.000
ttt_random_ammo	-2702.909912 6043.000000 98.104797	0.000 0.000 0.000
ttt_random_ammo	-2681.000000 6043.000000 98.243599	0.000 0.000 0.000
ttt_random_ammo	-1280.000000 1246.000000 108.375999	0.000 90.000 0.000
ttt_random_ammo	-1268.000000 1248.000000 108.375999	0.000 47.000 0.000
ttt_random_ammo	-1275.000000 1227.000000 108.375999	0.000 90.000 0.000
ttt_random_ammo	-1266.000000 1223.000000 108.375999	0.000 90.000 0.000
ttt_random_ammo	-1260.000000 1236.000000 108.375999	0.000 90.000 0.000
ttt_random_ammo	-1255.000000 1227.000000 108.375999	0.000 90.000 0.000
ttt_random_ammo	-1750.000000 5813.000000 76.315201	0.000 0.000 0.000
ttt_random_ammo	-1750.000000 5828.799805 78.341904	0.000 0.000 0.000
ttt_random_ammo	-1750.000000 5848.740234 79.000000	0.000 0.000 0.000
ttt_random_ammo	-1750.000000 5813.000000 101.315002	0.000 0.000 0.000
ttt_random_ammo	-1750.000000 5828.799805 103.342003	0.000 0.000 0.000
ttt_random_ammo	-1750.000000 5848.740234 104.000000	0.000 0.000 0.000
ttt_random_ammo	-1750.000000 5813.000000 138.315002	0.000 0.000 0.000
ttt_random_ammo	-1750.000000 5828.799805 140.341995	0.000 0.000 0.000
ttt_random_ammo	-1750.000000 5848.740234 141.000000	0.000 0.000 0.000
ttt_random_ammo	-1749.709961 5744.259766 138.315002	0.000 0.000 0.000
ttt_random_ammo	-1749.709961 5760.069824 140.341995	0.000 0.000 0.000
ttt_random_ammo	-1749.709961 5780.000000 141.000000	0.000 0.000 0.000
ttt_random_ammo	-1749.709961 5760.069824 103.342003	0.000 0.000 0.000
ttt_random_ammo	-1749.709961 5744.259766 101.315002	0.000 0.000 0.000
ttt_random_ammo	-1749.709961 5780.000000 104.000000	0.000 0.000 0.000
ttt_random_ammo	-1749.709961 5780.000000 79.000000	0.000 0.000 0.000
ttt_random_ammo	-1749.709961 5760.069824 78.341904	0.000 0.000 0.000
ttt_random_ammo	-1749.709961 5744.259766 76.315201	0.000 0.000 0.000
ttt_random_ammo	-1749.709961 5877.259766 138.315002	0.000 0.000 0.000
ttt_random_ammo	-1749.709961 5893.069824 140.341995	0.000 0.000 0.000
ttt_random_ammo	-1749.709961 5913.000000 141.000000	0.000 0.000 0.000
ttt_random_ammo	-1749.709961 5893.069824 103.342003	0.000 0.000 0.000
ttt_random_ammo	-1749.709961 5877.259766 101.315002	0.000 0.000 0.000
ttt_random_ammo	-1749.709961 5913.000000 104.000000	0.000 0.000 0.000
ttt_random_ammo	-1749.709961 5913.000000 79.000000	0.000 0.000 0.000
ttt_random_ammo	-1749.709961 5893.069824 78.341904	0.000 0.000 0.000
ttt_random_ammo	-1749.709961 5877.259766 76.315201	0.000 0.000 0.000
ttt_random_ammo	-932.000000 5884.000000 138.315002	0.000 0.000 0.000
ttt_random_ammo	-932.000000 5899.799805 140.341995	0.000 0.000 0.000
ttt_random_ammo	-932.000000 5919.740234 141.000000	0.000 0.000 0.000
ttt_random_ammo	-932.000000 5899.799805 103.342003	0.000 0.000 0.000
ttt_random_ammo	-932.000000 5884.000000 101.315002	0.000 0.000 0.000
ttt_random_ammo	-932.000000 5919.740234 104.000000	0.000 0.000 0.000
ttt_random_ammo	-932.000000 5919.740234 79.000000	0.000 0.000 0.000
ttt_random_ammo	-932.000000 5899.799805 78.341904	0.000 0.000 0.000
ttt_random_ammo	-932.000000 5884.000000 76.315201	0.000 0.000 0.000
ttt_random_ammo	-932.288025 5855.470215 104.000000	0.000 0.000 0.000
ttt_random_ammo	-932.288025 5835.540039 103.342003	0.000 0.000 0.000
ttt_random_ammo	-932.288025 5819.740234 101.315002	0.000 0.000 0.000
ttt_random_ammo	-932.288025 5819.740234 76.315201	0.000 0.000 0.000
ttt_random_ammo	-932.288025 5835.540039 78.341904	0.000 0.000 0.000
ttt_random_ammo	-932.288025 5855.470215 79.000000	0.000 0.000 0.000
ttt_random_ammo	-932.288025 5855.470215 141.000000	0.000 0.000 0.000
ttt_random_ammo	-932.288025 5835.540039 140.341995	0.000 0.000 0.000
ttt_random_ammo	-932.288025 5819.740234 138.315002	0.000 0.000 0.000
ttt_random_ammo	-932.000000 5751.000000 138.315002	0.000 0.000 0.000
ttt_random_ammo	-932.000000 5766.799805 140.341995	0.000 0.000 0.000
ttt_random_ammo	-932.000000 5786.740234 141.000000	0.000 0.000 0.000
ttt_random_ammo	-932.000000 5786.740234 104.000000	0.000 0.000 0.000
ttt_random_ammo	-932.000000 5766.799805 103.342003	0.000 0.000 0.000
ttt_random_ammo	-932.000000 5751.000000 101.315002	0.000 0.000 0.000
ttt_random_ammo	-932.000000 5751.000000 76.315201	0.000 0.000 0.000
ttt_random_ammo	-932.000000 5766.799805 78.341904	0.000 0.000 0.000
ttt_random_ammo	-932.000000 5786.740234 79.000000	0.000 0.000 0.000
ttt_random_ammo	-946.557983 -916.554993 -42.999401	0.000 0.000 0.000
ttt_random_ammo	-923.596985 -914.556030 -42.999401	0.000 0.000 0.000
ttt_random_ammo	-898.669983 -912.820984 -42.999401	0.000 0.000 0.000
ttt_random_ammo	-917.481995 -876.000000 -42.999401	0.000 0.000 0.000
ttt_random_ammo	-892.723022 -876.443970 -42.999401	0.000 0.000 0.000
ttt_random_ammo	-944.138000 -877.906006 -42.999401	0.000 0.000 0.000
ttt_random_ammo	-968.913025 -879.440979 -42.999401	0.000 0.000 0.000
ttt_random_ammo	-1430.709961 5312.000000 101.315002	0.000 0.000 0.000
ttt_random_ammo	-1430.709961 5327.799805 103.342003	0.000 0.000 0.000
ttt_random_ammo	-1430.709961 5347.740234 104.000000	0.000 0.000 0.000
ttt_random_ammo	-1430.709961 5347.740234 79.000000	0.000 0.000 0.000
ttt_random_ammo	-1430.709961 5327.799805 78.341904	0.000 0.000 0.000
ttt_random_ammo	-1430.709961 5312.000000 76.315201	0.000 0.000 0.000
ttt_random_ammo	-1430.709961 5312.000000 138.315002	0.000 0.000 0.000
ttt_random_ammo	-1430.709961 5327.799805 140.341995	0.000 0.000 0.000
ttt_random_ammo	-1430.709961 5347.740234 141.000000	0.000 0.000 0.000
ttt_random_ammo	-418.954010 2434.590088 81.000603	0.000 0.000 0.000
ttt_random_ammo	-417.299988 2465.969971 81.000603	0.000 0.000 0.000
ttt_random_ammo	-419.045990 2505.479980 81.000603	0.000 0.000 0.000
ttt_random_ammo	-362.290009 2518.679932 81.000603	0.000 0.000 0.000
ttt_random_ammo	-354.571014 2474.020020 81.000603	0.000 0.000 0.000
ttt_random_ammo	-355.479004 2440.989990 81.000603	0.000 0.000 0.000
ttt_random_ammo	-1544.729980 1782.489990 129.001007	0.000 0.000 0.000
ttt_random_ammo	-1545.680054 1867.219971 129.001007	0.000 0.000 0.000
ttt_random_ammo	-1546.400024 1698.930054 129.001007	0.000 0.000 0.000
ttt_random_ammo	-501.429993 -526.721008 -638.999023	0.000 0.000 0.000
ttt_random_ammo	-500.792999 -499.604004 -638.999023	0.000 0.000 0.000
ttt_random_ammo	-500.813995 -477.908997 -638.999023	0.000 0.000 0.000
weapon_zm_rifle	-1018.000000 212.000000 242.000000	-72.411 6.150 -117.980
weapon_zm_rifle	-784.380005 1665.280029 132.143005	0.866 90.500 -59.996
weapon_zm_rifle	1008.000000 1056.000000 242.957993	0.000 0.000 0.000
weapon_zm_rifle	-2884.000000 5922.000000 423.000000	1.489 277.002 90.183
weapon_zm_rifle	-1486.069946 1426.000000 146.000000	0.000 0.000 88.500
weapon_zm_rifle	-1430.069946 1426.000000 146.000000	0.000 0.000 88.500
weapon_zm_mac10	991.000000 226.000000 -164.000000	0.000 0.000 91.000
weapon_zm_mac10	-1036.000000 1210.000000 176.000000	0.000 0.000 88.500
weapon_zm_mac10	-1092.000000 1210.000000 176.000000	0.000 0.000 88.500
weapon_zm_mac10	1008.000000 1344.000000 245.470993	0.000 0.000 0.000
weapon_zm_mac10	-2804.000000 6240.000000 67.000000	0.000 0.000 -90.500
weapon_zm_mac10	-1408.099976 6121.700195 229.470993	0.000 0.000 0.000
weapon_zm_mac10	-1171.000000 1444.000000 125.000000	0.000 0.000 -85.000
weapon_zm_mac10	-1189.359985 1446.000000 125.000000	0.000 0.000 -87.000
weapon_zm_mac10	-1031.000000 -291.000000 145.000000	0.000 190.000 88.500
weapon_zm_mac10	-2653.050049 6044.959961 69.471199	0.000 0.000 0.000
weapon_zm_mac10	-2269.520020 5822.669922 213.470993	0.000 0.000 0.000
item_ammo_pistol_ttt	905.000000 -489.000000 162.000000	0.000 0.000 0.000
item_ammo_pistol_ttt	914.000000 -490.000000 162.000000	0.000 0.000 0.000
item_ammo_pistol_ttt	-860.515015 -613.000000 105.000000	0.000 0.000 0.000
item_ammo_pistol_ttt	854.518005 -582.671997 -446.720001	0.000 0.000 0.000
item_ammo_pistol_ttt	837.270996 -582.656982 -446.720001	0.000 0.000 0.000
item_ammo_pistol_ttt	825.877014 -582.706970 -446.720001	0.000 0.000 0.000
item_ammo_pistol_ttt	864.570007 -710.333008 -446.720001	0.000 0.000 0.000
item_ammo_pistol_ttt	848.478027 -709.020020 -446.720001	0.000 0.000 0.000
item_ammo_pistol_ttt	834.598999 -710.487000 -446.720001	0.000 0.000 0.000
item_ammo_pistol_ttt	-921.877991 1327.689941 93.280098	0.000 0.000 0.000
item_ammo_pistol_ttt	-964.939026 1327.140015 93.280098	0.000 0.000 0.000
item_ammo_pistol_ttt	-939.809021 1330.349976 93.280098	0.000 0.000 0.000
item_ammo_pistol_ttt	-951.086975 1330.430054 93.280098	0.000 0.000 0.000
item_ammo_pistol_ttt	-928.107971 1300.020020 93.280098	0.000 0.000 0.000
item_ammo_pistol_ttt	-939.098999 1303.369995 93.280098	0.000 0.000 0.000
item_ammo_pistol_ttt	-957.994995 1307.640015 93.280098	0.000 0.000 0.000
item_ammo_pistol_ttt	-853.190979 11.646600 117.279999	0.000 0.000 0.000
item_ammo_pistol_ttt	-846.142029 44.257599 117.279999	0.000 0.000 0.000
item_ammo_pistol_ttt	-846.142029 44.257599 141.279999	0.000 0.000 0.000
item_ammo_pistol_ttt	-846.142029 16.257601 141.279999	0.000 0.000 0.000
item_ammo_pistol_ttt	1483.489990 1423.819946 277.013000	0.000 0.000 0.000
item_ammo_pistol_ttt	1475.489990 1423.819946 277.013000	0.000 0.000 0.000
item_ammo_pistol_ttt	-599.862000 -259.011993 105.279999	0.000 0.000 0.000
item_ammo_pistol_ttt	-1793.854858 1383.114502 88.468132	0.620 -0.563 -0.001
item_ammo_pistol_ttt	-1780.575439 1384.517334 88.383591	-0.101 -0.020 -0.030
item_ammo_pistol_ttt	-1770.511475 1384.586426 88.420990	-0.068 -0.020 -0.021
item_ammo_pistol_ttt	-1803.166626 1406.196411 88.408318	-0.079 -0.020 -0.024
item_ammo_pistol_ttt	-1790.832520 1404.791748 88.320282	-0.156 -0.017 -0.047
item_ammo_pistol_ttt	-1780.169678 1405.700073 88.378258	-0.105 -0.020 -0.032
item_ammo_pistol_ttt	-1770.593384 1406.584473 88.358604	-0.122 -0.019 -0.037
item_ammo_pistol_ttt	-1552.258789 1206.676636 88.471481	0.144 -85.056 0.130
item_ammo_pistol_ttt	-266.593842 463.519165 -447.647888	-0.128 -0.019 -0.039
item_ammo_pistol_ttt	-262.689301 443.884827 -447.664246	-0.142 -0.019 -0.043
item_ammo_pistol_ttt	-263.154999 423.909424 -447.573364	-0.063 -0.020 -0.019
item_ammo_pistol_ttt	-275.211823 428.359436 -447.652405	-0.132 -0.019 -0.040
item_ammo_pistol_ttt	-281.285339 444.057343 -447.568329	-0.418 0.134 -0.555
item_ammo_pistol_ttt	-279.989929 465.929260 -447.606415	-0.092 -0.020 -0.028
item_ammo_pistol_ttt	-4.372096 -809.676025 -447.580048	1.879 0.259 0.092
item_ammo_pistol_ttt	11.378396 -809.638123 -447.559387	1.065 -0.042 -0.033
item_ammo_pistol_ttt	24.951670 -809.722778 -447.587433	-0.271 0.313 -0.652
item_ammo_pistol_ttt	40.561428 -809.781311 -447.557281	-0.587 0.510 -0.538
weapon_zm_molotov	-711.418030 -516.507019 109.735001	0.000 0.000 0.000
weapon_zm_molotov	-714.374023 -423.308990 109.735001	0.000 0.000 0.000
weapon_zm_molotov	-610.617004 -31.534401 109.735001	0.000 0.000 0.000
weapon_zm_molotov	715.273987 1292.750000 245.735001	0.000 0.000 0.000
weapon_zm_molotov	903.456970 1289.079956 245.735001	0.000 0.000 0.000
weapon_zm_molotov	-1248.380005 1446.010010 149.735001	0.000 0.000 0.000
weapon_zm_molotov	-1281.760010 1445.859985 149.735001	0.000 0.000 0.000
weapon_zm_molotov	-1724.359985 5919.049805 69.734596	0.000 0.000 0.000
weapon_zm_molotov	-1730.609985 5866.859863 69.734596	0.000 0.000 0.000
weapon_zm_molotov	-1723.969971 5812.229980 69.734596	0.000 0.000 0.000
weapon_zm_molotov	-1729.040039 5748.580078 69.734596	0.000 0.000 0.000
weapon_ttt_confgrenade	-676.109009 1463.689941 92.487099	0.000 0.000 0.000
weapon_ttt_confgrenade	-678.211975 1603.209961 92.487099	0.000 0.000 0.000
weapon_ttt_confgrenade	-1167.430054 1545.150024 108.487000	0.000 0.000 0.000
weapon_ttt_confgrenade	-1197.209961 1546.250000 108.487000	0.000 0.000 0.000
weapon_ttt_confgrenade	-1179.670044 1547.229980 108.487000	0.000 0.000 0.000
weapon_ttt_confgrenade	-953.310974 5914.479980 68.487099	0.000 0.000 0.000
weapon_ttt_confgrenade	-959.369995 5890.390137 68.487099	0.000 0.000 0.000
weapon_ttt_confgrenade	-955.835999 5852.580078 68.487099	0.000 0.000 0.000
weapon_ttt_confgrenade	-956.877991 5805.689941 68.487099	0.000 0.000 0.000
weapon_ttt_confgrenade	-265.252808 507.237579 -447.132416	21.657 -19.511 -46.590
weapon_ttt_confgrenade	-262.764771 502.334534 -445.456116	42.909 -32.183 -95.246
weapon_ttt_confgrenade	-276.047638 506.197174 -445.881470	-36.095 -49.877 -90.540
weapon_ttt_confgrenade	-270.179291 502.322327 -445.999390	-37.761 -55.907 -88.654
item_ammo_revolver_ttt	-1131.000000 -314.000000 -442.000000	0.000 0.000 0.000
item_ammo_revolver_ttt	-1140.000000 -314.000000 -442.000000	0.000 0.000 0.000
item_ammo_revolver_ttt	-1074.729980 1308.380005 93.275803	0.000 0.000 0.000
item_ammo_revolver_ttt	-1076.849976 1327.619995 93.275803	0.000 0.000 0.000
item_ammo_revolver_ttt	-1063.760010 1308.239990 93.275803	0.000 0.000 0.000
item_ammo_revolver_ttt	-1057.770020 1328.040039 93.275803	0.000 0.000 0.000
item_ammo_revolver_ttt	-1047.060059 1307.280029 93.275803	0.000 0.000 0.000
item_ammo_revolver_ttt	-1046.089966 1328.430054 93.275803	0.000 0.000 0.000
item_ammo_revolver_ttt	-921.721313 1897.702515 88.428207	1.068 -0.015 -1.010
item_ammo_revolver_ttt	-911.113464 1897.679321 88.429543	0.970 -0.377 -0.922
item_ammo_revolver_ttt	-908.362854 1887.294434 88.431900	0.550 -0.275 -0.589
item_ammo_revolver_ttt	-920.827454 1887.415527 88.330376	0.450 0.070 0.054
item_ammo_revolver_ttt	-897.125000 1897.585571 88.463814	1.329 -0.522 -0.697
item_ammo_revolver_ttt	-897.706482 1887.121582 88.468513	0.698 -0.495 -0.181
item_ammo_revolver_ttt	-885.394104 1897.545776 88.462540	1.741 -0.355 -1.008
item_ammo_revolver_ttt	-885.734436 1886.052490 88.326157	0.450 0.070 0.057
item_ammo_revolver_ttt	-1146.707642 -417.729279 -447.615631	0.469 0.058 0.031
item_ammo_revolver_ttt	-1146.070679 -401.526093 -447.634277	0.467 0.060 0.038
item_ammo_revolver_ttt	-1148.772339 -383.426300 -447.559631	1.438 0.070 -1.103
item_ammo_revolver_ttt	-1133.385742 -380.501099 -447.620972	0.469 0.058 0.033
item_ammo_revolver_ttt	-1132.947998 -396.861786 -447.682251	0.462 0.075 0.055
item_ammo_revolver_ttt	-1132.963623 -421.413727 -447.675507	0.463 0.070 0.053
weapon_zm_shotgun	601.262024 -742.721985 75.488701	0.000 0.000 86.500
weapon_zm_shotgun	960.000000 257.000000 132.488998	0.000 87.500 85.500
weapon_zm_shotgun	-944.955017 -324.333008 -444.510986	0.000 144.000 0.000
weapon_zm_shotgun	-787.000000 1275.589966 154.000000	0.357 90.351 -45.499
weapon_zm_shotgun	-1204.640015 98.867599 107.488998	0.000 0.000 -88.500
weapon_zm_shotgun	-1203.880005 192.514008 107.488998	0.000 0.000 -82.500
weapon_zm_shotgun	-1358.380005 1428.339966 127.488998	0.000 0.000 88.500
weapon_zm_shotgun	-1304.380005 1428.000000 127.000000	0.000 0.000 87.500
weapon_zm_shotgun	-796.726990 177.106003 235.488998	0.000 0.000 0.000
weapon_zm_shotgun	1435.569946 250.419998 132.488998	0.000 91.500 0.000
weapon_zm_shotgun	-1126.260010 4207.720215 51.488701	0.000 0.000 0.000
weapon_zm_shotgun	-2290.909912 6190.080078 67.488602	0.000 0.000 0.000
weapon_zm_shotgun	-264.000000 -360.000000 -636.510986	0.000 195.000 0.000
weapon_zm_sledge	1009.000000 209.000000 -137.000000	0.000 270.000 0.000
weapon_zm_sledge	696.000000 -119.000000 133.858002	0.000 272.500 0.000
weapon_zm_sledge	1648.750000 -429.000000 113.000000	0.000 0.000 0.000
weapon_zm_sledge	703.700989 1079.849976 244.858002	0.000 0.000 0.000
weapon_zm_sledge	1472.000000 1476.000000 279.432007	0.000 269.500 0.000
weapon_zm_sledge	-659.000000 935.000000 116.858002	0.000 0.000 0.000
weapon_zm_sledge	-711.000000 960.000000 116.858002	0.000 276.500 0.000
weapon_zm_sledge	-1136.439941 3119.370117 84.857803	0.000 0.000 0.000
weapon_zm_revolver	-1050.000000 -474.000000 -423.000000	-1.377 316.517 -89.951
weapon_zm_revolver	-992.000000 1320.000000 141.000000	0.000 61.000 90.000
weapon_zm_revolver	-1004.000000 1332.000000 141.000000	0.000 317.000 90.000
weapon_zm_revolver	-1169.000000 1548.650024 144.410995	0.000 0.000 87.000
weapon_zm_revolver	-1292.000000 1548.770020 148.000000	0.000 0.000 87.000
weapon_zm_revolver	-1382.000000 1548.839966 146.000000	0.000 0.000 87.000
weapon_zm_revolver	1195.060059 300.674988 131.998001	0.000 0.000 0.000
weapon_zm_revolver	1008.869995 300.878998 131.998001	0.000 0.000 0.000
weapon_zm_revolver	-1016.740662 1887.137817 88.970528	1.927 -20.598 -85.923
weapon_zm_revolver	-993.066956 1890.461792 88.970551	1.942 -20.587 -85.897
weapon_zm_revolver	-971.929443 1894.338257 88.970551	1.942 -20.587 -85.897
weapon_zm_revolver	-950.844543 1894.635254 88.970695	2.073 -20.540 -85.668
weapon_zm_revolver	-1036.828491 -458.044586 -425.322113	-0.089 -16.715 -85.654
weapon_zm_revolver	-1047.784546 -457.364532 -425.014313	-9.722 -18.231 -90.378
weapon_ttt_aug	-1363.729980 1406.422607 88.524895	0.084 9.732 86.570
weapon_ttt_aug	-1411.754883 1404.230957 88.509148	0.096 9.732 86.484
weapon_ttt_aug	-400.100433 -814.020752 -447.502747	0.282 9.613 87.006
weapon_ttt_aug	-350.897980 -815.059937 -447.464355	0.202 9.614 87.049
weapon_ttt_sg552	-1533.331787 1218.306396 89.043770	2.262 1.560 -84.752
weapon_ttt_sg552	-1583.510376 1222.922485 89.048576	2.163 1.593 -84.630
weapon_ttt_sg552	-1640.735718 1228.170654 89.045090	2.235 1.575 -84.718
weapon_ttt_sg552	-1686.160522 1229.929810 89.042084	2.298 1.552 -84.795
weapon_ttt_sg552	-350.563385 499.227509 -446.995880	2.317 2.755 -84.549
weapon_ttt_sg552	-319.842865 499.195953 -447.216064	4.554 -3.641 -79.251
weapon_ttt_sg552	-85.634338 -812.766479 -447.003021	2.161 -6.843 -84.173
weapon_ttt_sg552	-49.585777 -812.505371 -446.948303	2.373 2.356 -84.235
