# Trouble in Terrorist Town weapon/ammo placement overrides
# For map: ttt_checkpoint_v1
# Exported by: Dяeam
setting:	replacespawns 1
weapon_zm_pistol	1274.2710 1057.2369 64.3014	-0.496 33.014 89.686
weapon_zm_pistol	1287.8395 1065.6592 64.2838	-0.133 36.017 88.205
weapon_zm_pistol	1280.5212 1085.6226 64.3764	0.166 40.782 89.770
weapon_zm_pistol	992.9027 203.3162 578.2625	-0.162 36.019 87.848
weapon_zm_pistol	-513.7642 824.2614 -1084.6158	1.423 60.270 90.238
weapon_zm_pistol	1891.2079 802.7796 -1119.7036	0.016 35.156 88.098
weapon_zm_pistol	794.2430 527.3718 -244.7195	-0.162 35.253 89.495
item_ammo_pistol_ttt	1293.1931 1047.7316 64.3476	-0.132 -0.019 -0.040
item_ammo_pistol_ttt	1278.3280 1049.2803 65.2005	-0.042 0.759 5.386
item_ammo_pistol_ttt	1278.9067 1070.6050 64.3333	-0.145 -0.018 -0.044
item_ammo_pistol_ttt	1294.5604 1091.7197 64.4934	0.002 0.950 0.028
item_ammo_pistol_ttt	1279.4412 1097.8914 65.1368	-14.403 -0.527 0.272
item_ammo_pistol_ttt	1281.6041 1119.3414 73.2118	-0.036 10.000 -87.534
item_ammo_pistol_ttt	-157.3911 581.5662 64.3962	0.191 -0.192 0.186
item_ammo_pistol_ttt	-197.2421 583.4360 64.4097	-0.078 -0.020 -0.024
item_ammo_pistol_ttt	-155.2961 564.0037 73.1776	-0.026 -11.864 89.982
item_ammo_pistol_ttt	-190.9070 42.6556 64.4303	-0.299 0.725 -0.542
item_ammo_pistol_ttt	-194.6974 61.0982 64.4289	-0.425 0.775 -0.592
item_ammo_pistol_ttt	-216.1743 53.1922 64.3453	-0.134 -0.019 -0.041
item_ammo_pistol_ttt	837.5510 188.8593 346.4738	0.285 -0.083 0.044
item_ammo_pistol_ttt	834.1599 202.6615 353.6643	-32.037 32.292 -49.764
item_ammo_pistol_ttt	847.3121 188.6791 346.3668	-0.115 -0.019 -0.035
item_ammo_pistol_ttt	1007.3965 189.8181 578.4602	0.793 -2.864 -0.006
item_ammo_pistol_ttt	1008.5880 220.7182 578.3230	-0.154 -0.018 -0.046
item_ammo_pistol_ttt	988.4572 184.2079 578.3476	-0.132 -0.019 -0.040
item_ammo_pistol_ttt	1931.1692 518.3364 -267.6520	-0.119 -0.014 -0.010
item_ammo_pistol_ttt	1939.2675 517.7740 -267.5854	0.995 -0.670 0.305
item_ammo_pistol_ttt	1945.3401 520.2712 -267.5668	0.115 -0.727 -0.389
item_ammo_pistol_ttt	1932.7743 381.2281 -267.5286	1.341 -0.210 0.534
item_ammo_pistol_ttt	1938.9724 384.1558 -267.5416	0.269 -0.242 0.193
item_ammo_pistol_ttt	1945.1349 387.0175 -267.6040	-0.899 -0.251 -0.013
item_ammo_pistol_ttt	1940.8792 1235.0143 -851.7686	-65.030 -179.581 -158.216
item_ammo_pistol_ttt	1954.0499 1219.9504 -845.7652	-64.936 179.982 176.331
item_ammo_pistol_ttt	1953.1683 1189.3884 -846.1254	-64.843 179.688 170.738
item_ammo_pistol_ttt	571.3710 223.9491 -1121.8419	75.150 100.503 113.667
item_ammo_pistol_ttt	536.9973 202.3125 -1127.5652	-0.056 -0.020 -0.017
item_ammo_pistol_ttt	552.9536 204.3181 -1127.6235	-0.107 -0.019 -0.032
item_ammo_pistol_ttt	-691.0866 1049.8273 -1084.6257	-0.128 -0.020 -0.033
item_ammo_pistol_ttt	-677.3339 1059.2224 -1084.6194	-0.104 0.010 -0.005
item_ammo_pistol_ttt	-717.3927 989.1196 -1084.5730	0.082 0.020 -0.021
item_ammo_pistol_ttt	-703.6161 1004.0563 -1084.5605	0.006 0.030 0.008
item_ammo_pistol_ttt	-681.0580 1092.6975 -1084.6235	-0.126 -0.020 -0.033
item_ammo_pistol_ttt	-664.3835 1095.4026 -1084.6305	0.135 0.020 -0.037
item_ammo_pistol_ttt	-524.3600 830.6349 -1084.6327	-0.134 -0.019 -0.035
item_ammo_pistol_ttt	-533.5362 831.5069 -1084.6257	-0.128 -0.020 -0.033
item_ammo_pistol_ttt	-539.5197 835.8025 -1084.6123	0.139 0.023 0.079
item_ammo_pistol_ttt	407.1689 884.5225 -1136.7111	83.361 153.206 179.666
item_ammo_pistol_ttt	985.4658 953.2195 -1135.5942	88.356 159.354 -170.101
item_ammo_pistol_ttt	1239.2830 455.7492 -1135.6703	86.343 147.627 -178.577
item_ammo_pistol_ttt	1901.7540 784.7779 -1119.6667	-0.145 -0.018 -0.044
item_ammo_pistol_ttt	1890.0986 793.5552 -1119.5294	-0.051 -0.021 -0.025
item_ammo_pistol_ttt	1921.9514 684.6396 -1119.5889	0.343 0.084 0.093
item_ammo_pistol_ttt	1906.9086 675.5435 -1119.6643	-0.142 -0.019 -0.043
item_ammo_pistol_ttt	1894.5582 676.7313 -1119.6479	-0.128 -0.019 -0.039
item_ammo_pistol_ttt	1512.0551 700.0519 -1119.6002	-0.662 0.832 0.170
item_ammo_pistol_ttt	1516.4392 668.5975 -1119.5621	-1.030 -1.078 -0.011
item_ammo_pistol_ttt	788.0121 523.6135 -244.6516	-0.593 0.025 -0.098
item_ammo_pistol_ttt	785.8417 542.2388 -244.6409	-0.143 0.112 0.169
item_ammo_pistol_ttt	1413.1453 822.3571 -271.5330	0.158 -0.428 -0.079
item_ammo_pistol_ttt	1407.6818 803.6372 -270.0244	-7.157 -0.244 -7.787
item_ammo_pistol_ttt	1425.7416 822.3643 -271.5420	-0.714 0.144 -0.484
weapon_zm_revolver	803.1442 1365.5303 261.1189	2.260 -20.396 -84.696
weapon_zm_revolver	555.9672 1524.3645 225.9304	2.428 -20.394 -84.145
weapon_zm_revolver	996.2073 194.5524 72.6969	-25.495 -23.535 -87.153
weapon_zm_revolver	1245.8582 495.8276 -150.5855	2.443 -25.131 -83.785
weapon_zm_revolver	508.9934 829.9449 -150.6196	2.474 -25.100 -83.019
weapon_zm_revolver	798.3014 847.2276 -150.6089	2.464 -25.109 -83.258
weapon_zm_revolver	1684.6022 265.5909 -241.4299	2.396 -36.354 -85.117
weapon_zm_revolver	757.1100 530.0969 -997.5311	2.562 -20.519 -83.471
item_ammo_smg1_ttt	352.1918 179.9915 64.5608	0.012 -0.414 -0.001
item_ammo_smg1_ttt	349.7608 212.5533 64.5456	0.109 0.210 0.094
item_ammo_smg1_ttt	340.0969 190.2281 70.0372	-88.862 -39.807 14.906
item_ammo_smg1_ttt	349.3585 180.0173 78.4036	-0.015 0.157 0.007
item_ammo_smg1_ttt	358.7849 196.8658 71.0753	83.204 -61.094 -77.654
item_ammo_smg1_ttt	359.2956 200.7406 78.2722	0.289 8.466 0.557
item_ammo_smg1_ttt	1611.9313 821.3135 -271.5674	0.840 -0.001 0.551
item_ammo_smg1_ttt	1632.2305 819.7297 -270.3174	4.501 0.117 -5.766
item_ammo_smg1_ttt	1631.0654 789.7153 -271.6136	0.088 -0.005 0.046
weapon_zm_shotgun	554.3439 1332.5096 225.0460	-1.011 -9.516 -89.380
weapon_zm_shotgun	688.7231 1317.9901 225.0437	-0.961 -9.522 -89.037
weapon_zm_shotgun	936.4301 399.1106 121.5568	-0.496 -9.234 -84.738
weapon_zm_shotgun	1709.9879 174.2895 -270.7230	-0.377 7.651 84.264
weapon_zm_shotgun	1885.0404 599.8958 -10.4751	-0.496 -8.423 -84.767
weapon_ttt_m16	-149.7809 543.1024 65.1592	2.037 -8.131 84.294
weapon_ttt_m16	-216.1531 30.7411 65.1592	2.037 -8.128 84.294
weapon_ttt_m16	864.4539 212.6710 384.1592	2.037 -8.264 84.294
weapon_ttt_m16	1886.6406 521.7335 -238.8468	2.102 -8.321 84.227
weapon_ttt_m16	1904.1368 387.0497 -238.8509	2.146 -8.332 84.182
weapon_ttt_m16	1930.1376 1209.0814 -859.0475	-22.529 -2.880 85.492
weapon_ttt_m16	562.9955 232.3872 -1126.8359	2.154 -8.134 84.457
weapon_ttt_m16	-670.1010 1074.5488 -1083.8207	1.696 -9.988 85.327
weapon_ttt_m16	-693.3466 1025.3274 -1083.8778	1.752 -8.294 84.542
weapon_ttt_m16	1907.8500 697.6870 -1116.7123	-7.424 -2.038 25.585
weapon_ttt_m16	1512.0442 686.4050 -1118.8359	2.249 -5.043 84.639
weapon_ttt_m16	1414.6863 798.2924 -271.0811	-0.089 -2.001 82.399
weapon_zm_molotov	539.2385 1306.6088 68.6406	4.866 20.056 -5.466
weapon_zm_molotov	530.0429 1293.4271 68.5117	0.318 0.002 0.015
weapon_zm_molotov	526.6011 1300.6631 68.5142	0.346 0.002 -0.021
weapon_zm_molotov	794.1731 473.3586 -240.4727	-0.293 0.058 3.452
weapon_zm_molotov	807.8401 474.2299 -240.3909	-0.282 0.156 -0.275
weapon_zm_molotov	806.6046 477.7638 -243.2458	-70.213 72.414 -92.123
weapon_zm_molotov	1777.8956 524.3364 -235.4751	0.625 0.008 -0.356
weapon_zm_molotov	1775.8639 513.6890 -235.4773	0.544 0.007 -0.264
item_box_buckshot_ttt	545.5062 1320.2653 224.4152	0.113 0.128 0.333
item_box_buckshot_ttt	553.9409 1313.9730 224.3846	0.578 0.001 -0.329
item_box_buckshot_ttt	562.3553 1311.1296 224.4111	-0.835 -0.007 0.680
item_box_buckshot_ttt	672.6609 1300.1475 224.4484	-0.646 -0.011 0.613
item_box_buckshot_ttt	698.3986 1300.2178 224.4727	0.968 -0.183 -0.238
item_box_buckshot_ttt	713.8735 1299.9751 224.4642	0.913 -0.526 -0.092
item_box_buckshot_ttt	931.1586 391.6467 121.0283	-0.005 -0.062 0.006
item_box_buckshot_ttt	932.0230 382.2528 121.0223	-0.028 -0.116 -0.039
item_box_buckshot_ttt	943.6221 388.6979 120.9696	0.122 -0.198 0.052
item_box_buckshot_ttt	1739.7169 184.6204 -271.6235	-0.346 0.002 -0.226
item_box_buckshot_ttt	1724.2494 184.3115 -271.6207	-0.032 0.000 0.030
item_box_buckshot_ttt	1775.4352 173.1533 -271.6219	-0.173 0.001 -0.084
item_box_buckshot_ttt	1896.4624 566.2316 -10.9941	-0.018 -0.010 -0.003
item_box_buckshot_ttt	1880.4467 582.2509 -11.0002	-0.018 -0.009 -0.003
item_box_buckshot_ttt	1900.6732 583.0980 -10.9958	0.014 -0.003 -0.017
weapon_zm_sledge	540.3990 1247.9243 68.3145	18.064 -2.210 3.549
weapon_zm_sledge	1513.6367 793.6750 -1115.5802	18.502 0.206 2.874
weapon_zm_sledge	671.3257 636.6672 68.2893	18.017 0.468 2.463
weapon_zm_mac10	369.2034 204.9053 65.3276	-0.173 -32.049 -88.259
weapon_zm_mac10	360.5238 183.2219 65.2924	-0.116 -17.554 -88.815
weapon_zm_mac10	1619.5912 812.1255 -270.7918	-0.629 -37.555 -88.957
item_ammo_357_ttt	1238.7817 1176.2924 64.4227	1.262 -0.258 -1.229
item_ammo_357_ttt	1241.2417 1205.2350 64.3553	0.455 0.060 0.046
item_ammo_357_ttt	1232.8806 1116.6338 64.4245	0.342 -14.134 0.479
item_ammo_357_ttt	1247.3071 1140.0118 64.3684	0.458 0.057 0.041
item_ammo_357_ttt	1004.8577 186.7276 346.3700	0.458 0.059 0.039
item_ammo_357_ttt	1008.8115 197.3983 346.4132	0.983 -0.258 -1.162
item_ammo_357_ttt	996.3571 192.2404 346.4036	0.465 0.056 0.026
item_ammo_357_ttt	854.4669 416.9130 578.3653	0.457 0.058 0.042
item_ammo_357_ttt	872.6015 422.5970 578.4297	0.470 0.054 0.016
item_ammo_357_ttt	842.9110 404.4441 578.3801	0.460 0.056 0.036
item_ammo_357_ttt	853.8711 209.5948 579.7821	0.371 -11.544 19.978
item_ammo_357_ttt	832.0216 206.8294 578.3866	0.461 0.056 0.033
item_ammo_357_ttt	840.7020 186.4921 578.4348	1.201 1.062 -0.012
item_ammo_357_ttt	1818.1290 416.3171 -11.0335	0.534 -8.667 0.041
item_ammo_357_ttt	1811.2882 413.6238 -11.0447	0.556 -9.384 0.114
item_ammo_357_ttt	1826.2192 438.7471 -11.0363	0.482 -24.915 -0.055
item_ammo_357_ttt	1957.8372 933.4999 -267.6097	0.462 0.055 0.032
item_ammo_357_ttt	1966.8552 937.3813 -267.6852	0.447 0.073 0.062
item_ammo_357_ttt	1976.5734 940.3754 -267.6331	0.457 0.058 0.041
item_ammo_revolver_ttt	802.3559 1358.4955 260.3282	1.283 0.568 10.764
item_ammo_revolver_ttt	796.3318 1368.2684 259.5919	1.387 0.724 -0.044
item_ammo_revolver_ttt	551.7091 1510.8734 224.4217	0.468 0.054 0.019
item_ammo_revolver_ttt	536.9225 1523.0564 224.3425	0.452 0.062 0.051
item_ammo_revolver_ttt	565.0472 1508.9990 224.3553	0.455 0.060 0.046
item_ammo_revolver_ttt	1011.5006 189.1253 72.4000	0.375 0.888 -0.458
item_ammo_revolver_ttt	1011.5219 201.4912 72.4299	0.474 0.056 0.015
item_ammo_revolver_ttt	998.3885 185.3015 72.4267	0.646 -0.460 -0.730
item_ammo_revolver_ttt	1235.1808 499.3645 -152.0966	0.622 0.373 -0.024
item_ammo_revolver_ttt	1241.3097 488.3741 -152.1203	0.673 0.375 -0.032
item_ammo_revolver_ttt	1260.2653 486.4797 -152.1541	0.746 0.382 -0.044
item_ammo_revolver_ttt	495.1252 844.2663 -152.1466	0.729 0.374 -0.041
item_ammo_revolver_ttt	497.4048 827.4422 -152.1414	0.718 0.374 -0.039
item_ammo_revolver_ttt	516.9227 811.5614 -152.1539	0.745 0.377 -0.044
item_ammo_revolver_ttt	800.6445 858.2630 -152.1698	0.779 0.385 -0.049
item_ammo_revolver_ttt	812.7672 836.2582 -152.1333	0.701 0.372 -0.037
item_ammo_revolver_ttt	829.6115 855.4536 -152.1808	0.803 0.396 -0.053
item_ammo_revolver_ttt	1677.6779 256.3914 -242.9410	0.492 0.039 -0.002
item_ammo_revolver_ttt	1676.1329 267.2421 -242.9535	0.512 -0.042 0.003
item_ammo_revolver_ttt	1695.8724 249.6821 -243.0062	0.598 0.057 0.030
item_ammo_revolver_ttt	741.6915 527.4069 -999.0040	0.314 0.428 0.235
item_ammo_revolver_ttt	731.4136 535.1881 -993.9068	-45.587 133.377 -178.933
item_ammo_revolver_ttt	751.2924 533.5930 -999.0971	0.441 0.059 0.045
ttt_playerspawn	-41.8193 2047.7294 -1119.5973	-0.039 -0.000 0.039
ttt_playerspawn	16.3242 2049.2988 -1119.6219	-0.049 -0.000 0.049
ttt_playerspawn	77.0816 2047.6040 -1119.5889	-0.036 -0.000 0.036
ttt_playerspawn	135.4508 2049.9102 -1119.6201	-0.048 -0.000 0.048
ttt_playerspawn	220.8185 2046.3839 -1119.5687	-0.028 -0.000 0.028
ttt_playerspawn	299.9053 2050.1873 -1119.6115	-0.045 -0.000 0.045
ttt_playerspawn	296.9461 1974.7936 -1119.5400	-0.016 -0.000 0.016
ttt_playerspawn	220.8274 1974.6495 -1119.6049	-0.042 -0.000 0.042
ttt_playerspawn	141.3021 1975.5366 -1119.6166	-0.047 -0.000 0.047
ttt_playerspawn	78.2914 1971.4406 -1119.6201	-0.048 -0.000 0.048
ttt_playerspawn	14.3498 1983.3942 -1119.5850	-0.034 -0.000 0.034
ttt_playerspawn	-44.8426 1988.2827 -1119.6219	-0.049 -0.000 0.049
ttt_playerspawn	-41.4924 1916.1364 -1119.5902	-0.036 -0.000 0.036
ttt_playerspawn	16.3108 1923.2878 -1119.5548	-0.022 -0.000 0.022
ttt_playerspawn	73.8788 1901.2834 -1119.5619	-0.025 -0.000 0.025
ttt_playerspawn	133.2111 1914.6434 -1119.5862	-0.035 -0.000 0.035
ttt_playerspawn	212.2269 1919.1541 -1119.5657	-0.026 -0.000 0.026
ttt_playerspawn	291.4602 1921.5066 -1119.6064	-0.043 -0.000 0.043
ttt_playerspawn	289.6708 1857.2404 -1119.5862	-0.035 -0.000 0.035
ttt_playerspawn	206.2776 1860.5588 -1119.5565	-0.023 -0.000 0.023
ttt_playerspawn	128.0739 1857.6448 -1119.5548	-0.022 -0.000 0.022
ttt_playerspawn	70.5932 1835.9972 -1119.6002	-0.040 -0.000 0.040
ttt_playerspawn	8.1424 1832.9265 -1119.5862	-0.035 -0.000 0.035
ttt_playerspawn	-44.5434 1833.5260 -1119.5862	-0.035 -0.000 0.035
ttt_playerspawn	-45.4696 1760.8030 -1119.5344	-0.014 -0.000 0.014
ttt_playerspawn	9.8768 1764.1379 -1119.5730	-0.029 -0.000 0.029
ttt_playerspawn	61.9026 1763.5792 -1119.6033	-0.041 -0.000 0.041
ttt_playerspawn	110.3591 1770.2892 -1119.5812	-0.032 -0.000 0.032
ttt_playerspawn	181.4832 1776.9653 -1119.5764	-0.031 -0.000 0.031
ttt_playerspawn	269.3146 1787.4343 -1119.6257	-0.050 -0.000 0.050
weapon_zm_rifle	1231.8356 1187.7859 65.3463	3.273 13.169 64.946
weapon_zm_rifle	1237.0048 1127.8578 65.3801	3.592 -1.826 65.400
weapon_zm_rifle	989.3370 210.7702 347.3448	3.288 9.782 64.904
weapon_zm_rifle	869.5932 404.6992 579.3528	3.276 13.172 65.028
weapon_zm_rifle	858.6276 216.4040 582.0291	-6.179 -5.237 121.638
weapon_zm_rifle	1822.3612 428.3072 -10.0935	3.318 -4.041 65.736
weapon_zm_rifle	1952.1886 917.5176 -266.6718	3.373 11.308 64.693
weapon_ttt_smokegrenade	798.9694 1444.4607 263.6880	0.340 0.003 0.155
weapon_ttt_smokegrenade	797.4114 1440.0847 263.8098	1.735 -0.113 -1.748
weapon_ttt_smokegrenade	801.5429 1433.9028 263.6827	0.322 0.003 0.190
weapon_ttt_smokegrenade	1785.1873 386.0959 -235.4471	3.596 -0.106 -3.724
weapon_ttt_smokegrenade	1790.8923 380.8122 -235.4640	2.386 -0.004 -2.317
weapon_ttt_smokegrenade	1857.0092 471.9023 -6.8972	-0.841 -0.039 1.110
weapon_ttt_smokegrenade	1850.8188 458.4210 -6.9213	-1.307 0.037 1.700
weapon_ttt_smokegrenade	1866.6333 616.8065 -6.8424	0.124 0.551 -1.160
weapon_ttt_smokegrenade	1859.9064 608.5692 -7.0021	0.280 0.694 -0.110
weapon_ttt_confgrenade	774.6379 46.0911 -309.9363	-12.833 -23.910 93.560
weapon_ttt_confgrenade	782.2275 58.1948 -308.4438	1.108 0.136 -0.282
weapon_ttt_confgrenade	782.8082 49.5339 -309.9628	-49.182 175.412 -101.380
weapon_ttt_confgrenade	758.8199 562.4648 -241.5461	0.220 -0.661 -1.243
weapon_ttt_confgrenade	752.1062 561.8773 -241.5106	0.167 -0.677 -0.935
weapon_ttt_confgrenade	745.6613 560.7216 -241.5348	0.146 -0.627 -1.772
weapon_ttt_confgrenade	549.5492 623.2574 66.1454	38.297 -1.826 86.909
weapon_ttt_confgrenade	545.6985 622.0309 67.6400	-0.632 -4.777 0.304
weapon_ttt_confgrenade	555.4798 633.1361 66.0759	39.732 -37.200 -97.297
weapon_ttt_confgrenade	545.5762 635.2374 66.1004	-50.854 7.811 -103.075
weapon_ttt_confgrenade	-240.5902 663.1188 67.5498	1.450 0.229 -0.607
weapon_ttt_confgrenade	-241.6284 673.6565 67.5061	2.085 0.271 -0.873
weapon_ttt_confgrenade	-250.5483 666.9622 67.5082	2.053 0.267 -0.860
weapon_ttt_confgrenade	841.5253 183.0266 75.5231	0.124 -0.633 -1.750
weapon_ttt_confgrenade	827.5285 187.1063 75.4997	2.348 -0.234 0.742
weapon_ttt_confgrenade	1283.3402 -39.8434 -308.4692	0.359 -0.869 -1.169
weapon_ttt_confgrenade	1268.5253 -37.7601 -308.3979	-0.153 -0.820 -1.018
