# Trouble in Terrorist Town weapon/ammo placement overrides
# For map: dm_richland
# Exported by: General Butthurt
setting:	replacespawns 1
weapon_ttt_dual_elites	241.236038 -421.401642 48.316174	1.791 0.127 -0.092
weapon_ttt_dual_elites	242.145981 -336.838165 48.289139	1.823 0.135 -0.086
weapon_ttt_dual_elites	243.639389 -318.464203 48.252613	1.859 0.133 -0.080
weapon_ttt_dual_elites	238.839142 -401.195190 48.186913	1.925 0.146 -0.065
weapon_ttt_smokegrenade	522.690674 -275.708099 180.605804	0.128 -0.229 -0.021
weapon_ttt_smokegrenade	525.507813 -337.959412 180.611099	-1.883 14.152 0.461
weapon_ttt_smokegrenade	-1101.840454 -1208.737793 284.532715	1.661 0.008 -1.458
weapon_ttt_smokegrenade	-602.106323 1967.654907 122.658302	-2.357 0.079 -4.499
weapon_ttt_smokegrenade	-393.350220 1544.547607 82.110260	25.075 149.146 90.488
weapon_ttt_smokegrenade	-988.032471 265.798706 177.606796	-8.367 58.468 90.006
weapon_ttt_smokegrenade	-132.958405 507.902313 20.631100	1.478 -0.113 -1.519
weapon_ttt_smokegrenade	175.960800 96.025597 303.410492	51.789 1.380 89.160
weapon_ttt_smokegrenade	-231.378006 439.402008 336.577301	33.260 111.972 119.608
weapon_ttt_smokegrenade	-1082.041382 -1.186200 304.631989	1.925 -98.975 -61.276
weapon_ttt_mp5	-522.140991 1939.786987 224.854294	-0.113 -3.670 83.504
weapon_ttt_mp5	-1054.494751 1608.866089 40.869301	-0.057 -3.851 83.554
weapon_ttt_mp5	310.711334 450.382294 217.245071	0.623 5.196 -86.436
weapon_ttt_mp5	739.301636 341.445587 307.485443	-7.341 1.330 -2.428
weapon_ttt_mp5	740.135193 317.654266 307.498871	-7.495 1.081 -1.891
weapon_ttt_mp5	739.892700 288.685791 307.504883	-7.564 1.087 -1.653
weapon_ttt_mp5	740.481934 269.350433 309.054810	0.760 -12.267 -86.709
weapon_ttt_mp5	349.531586 -1329.380981 19.093897	0.295 6.552 -87.259
weapon_ttt_mp5	294.758820 -1333.514893 19.093746	0.301 6.551 -87.266
weapon_ttt_mp5	872.575928 -1025.085571 19.079931	0.173 -8.181 -87.118
weapon_ttt_mp5	876.892273 -1058.360962 19.107779	0.103 -8.148 -87.346
weapon_ttt_mp5	876.778076 -1090.933105 19.097996	0.241 0.541 -87.290
weapon_ttt_mp5	-286.689056 527.396118 17.093584	0.306 6.551 -87.273
weapon_ttt_mp5	-329.180359 518.926941 17.093037	0.326 6.549 -87.297
weapon_ttt_mp5	-864.818115 103.716103 175.459900	-7.413 0.863 -1.785
weapon_ttt_mp5	-859.195435 68.801926 175.460754	-7.417 0.822 -1.776
weapon_ttt_mp5	-861.106812 45.560024 175.487732	-7.552 0.792 -1.497
weapon_ttt_mp5	-508.167786 1868.560547 -62.905308	0.267 6.544 -87.224
weapon_ttt_mp5	-506.463684 1841.677246 -62.906677	0.316 6.549 -87.284
weapon_ttt_mp5	-514.633423 1809.586792 -62.905079	0.259 6.539 -87.214
weapon_ttt_mp5	310.553619 1765.587280 79.441162	-7.320 0.725 -1.979
weapon_ttt_mp5	315.306122 1734.960571 79.461586	-7.422 0.774 -1.768
weapon_ttt_mp5	321.253021 1697.036987 81.107986	0.280 3.968 -87.762
weapon_ttt_magnum	816.935120 -1336.545654 20.003260	9.694 25.895 73.163
weapon_ttt_magnum	800.916809 -1338.184082 19.956923	8.443 26.474 76.020
weapon_ttt_magnum	818.453186 -1323.501587 20.006477	9.305 26.210 74.641
weapon_ttt_magnum	804.035522 -1317.187134 19.408745	-5.687 -24.939 -89.069
weapon_ttt_magnum	-327.618439 -521.002686 17.986757	9.245 26.156 74.197
weapon_ttt_magnum	-301.163605 -522.290466 17.988472	9.293 26.124 74.088
weapon_ttt_magnum	-281.280884 -524.538452 17.989059	9.309 26.118 74.051
weapon_ttt_magnum	258.690552 -154.381683 17.977789	8.830 25.605 75.354
weapon_ttt_magnum	262.087006 -126.643372 18.003084	9.369 25.375 74.306
weapon_ttt_magnum	264.223785 -110.211845 17.994345	9.179 25.465 74.680
weapon_ttt_magnum	306.535736 1571.374512 225.974518	8.761 25.629 75.488
weapon_ttt_magnum	272.921844 1570.134399 226.005859	9.422 25.346 74.212
weapon_ttt_magnum	251.273056 1569.721802 225.976974	8.812 25.611 75.390
weapon_ttt_magnum	-1515.393188 1812.770020 15.978027	9.241 26.675 73.923
weapon_ttt_magnum	-1520.773926 1841.578857 15.976377	9.181 26.715 74.076
weapon_ttt_magnum	-1521.169678 1869.127686 15.955816	8.467 27.052 75.898
weapon_ttt_magnum	-1522.382935 1893.646729 15.972977	9.060 26.789 74.388
weapon_ttt_magnum	-1079.748413 169.075745 17.982527	9.129 26.208 74.463
weapon_ttt_magnum	-1083.600830 142.452682 17.989065	9.309 26.118 74.051
weapon_ttt_magnum	-1090.451538 125.271904 17.976175	8.956 26.287 74.857
weapon_ttt_smg	935.936279 519.429138 16.314505	1.347 7.408 89.481
weapon_ttt_smg	903.873047 518.781494 16.315569	1.251 7.406 89.358
weapon_ttt_smg	862.570984 523.152649 16.312616	1.516 7.413 89.699
item_ammo_revolver_ttt	872.357117 -433.844391 308.392700	0.463 0.057 0.030
item_ammo_revolver_ttt	590.495911 -203.583496 308.319489	0.449 0.075 0.059
item_ammo_revolver_ttt	775.595825 177.287796 307.416809	0.659 -0.392 -0.019
item_ammo_revolver_ttt	400.214905 1704.282104 93.874298	0.863 -0.226 0.044
item_ammo_revolver_ttt	421.696594 1762.663330 51.297401	-88.469 177.784 0.000
item_ammo_revolver_ttt	400.996887 2009.610596 82.042702	0.372 0.046 0.121
item_ammo_revolver_ttt	41.849499 1899.003662 224.364197	0.467 0.060 0.039
item_ammo_revolver_ttt	14.780400 1846.709106 224.373398	0.468 0.059 0.035
item_ammo_revolver_ttt	-19.454901 1894.493774 224.364197	0.467 0.060 0.039
item_ammo_revolver_ttt	-934.052612 1105.778320 1.317100	0.448 0.073 0.061
item_ammo_revolver_ttt	-1280.478882 654.465088 14.494000	0.378 -0.011 -0.802
item_ammo_revolver_ttt	-1341.182251 350.093109 33.337101	1.559 -0.536 -1.002
item_ammo_revolver_ttt	-917.341614 -165.589706 385.181610	-23.452 -16.413 6.504
item_ammo_revolver_ttt	-986.062988 -1231.115356 88.346397	0.454 0.064 0.049
item_ammo_revolver_ttt	809.376587 -1154.642456 -135.471100	64.315 13.758 0.939
item_ammo_revolver_ttt	429.569580 -457.991699 176.443146	0.805 -0.262 -0.613
item_ammo_revolver_ttt	416.789490 -457.970306 176.429474	1.166 -0.474 -1.063
item_ammo_revolver_ttt	455.179138 -346.321442 176.421860	1.477 -33.125 0.028
item_ammo_revolver_ttt	406.587128 -457.897003 176.416489	0.731 0.104 -0.935
item_ammo_revolver_ttt	395.767365 -457.851959 176.434372	0.695 0.142 -0.658
item_ammo_revolver_ttt	385.338959 -457.881653 176.419693	0.915 0.066 -1.021
item_ammo_revolver_ttt	371.609497 -457.970642 176.436813	0.917 -0.311 -0.782
item_ammo_revolver_ttt	308.849030 -22.341919 16.460150	0.568 -0.368 -0.206
item_ammo_revolver_ttt	321.330841 -21.878815 16.464670	0.601 3.916 -0.008
item_ammo_revolver_ttt	331.702911 -22.370586 16.439777	0.811 -0.392 -0.665
item_ammo_revolver_ttt	340.589661 -22.385149 16.416679	0.869 -0.337 -1.031
item_ammo_revolver_ttt	352.836975 -22.369446 16.427975	0.948 -0.394 -0.928
item_ammo_revolver_ttt	366.237335 -22.229921 16.444336	1.949 -0.425 -0.596
item_ammo_revolver_ttt	380.454834 -22.370289 16.426359	0.779 -0.332 -0.830
item_ammo_revolver_ttt	825.978638 -1356.189087 18.314781	0.447 0.073 0.062
item_ammo_revolver_ttt	811.821411 -1357.399658 18.314781	0.447 0.073 0.062
item_ammo_revolver_ttt	798.370117 -1356.269531 18.334555	0.451 0.065 0.054
item_ammo_revolver_ttt	787.541870 -1355.588013 18.307568	0.446 0.080 0.065
item_ammo_revolver_ttt	123.237953 1433.595581 17.430521	1.305 -0.258 -1.148
item_ammo_revolver_ttt	137.072647 1433.622681 17.354609	-0.029 -0.084 0.672
item_ammo_revolver_ttt	153.418137 1433.739136 17.442316	2.294 -0.249 -0.786
item_ammo_revolver_ttt	173.768585 1433.616943 17.445183	0.989 -0.376 -0.716
item_ammo_revolver_ttt	200.475861 1433.522827 17.448986	1.324 -0.257 -0.901
item_ammo_revolver_ttt	190.120453 1433.464966 17.445536	1.150 -0.195 -0.825
item_ammo_revolver_ttt	163.740768 1433.665649 17.442738	1.041 -0.226 -0.352
item_ammo_revolver_ttt	213.698212 1433.630615 17.460258	1.054 -0.316 -0.470
item_ammo_revolver_ttt	229.336792 1433.541260 17.423786	0.730 -0.306 -0.832
item_ammo_revolver_ttt	-347.047943 -486.373169 16.473492	1.426 -0.263 -0.630
item_ammo_revolver_ttt	-328.921631 -486.459229 16.436502	0.882 -0.314 -0.761
item_ammo_revolver_ttt	-308.195313 -486.385834 16.422628	0.782 -0.253 -0.885
item_ammo_revolver_ttt	-285.481964 -486.386780 16.428135	1.250 -0.261 -1.142
item_ammo_revolver_ttt	-264.201141 -486.471130 16.447668	1.356 -0.260 -0.942
item_ammo_revolver_ttt	232.189835 -165.049896 16.375942	0.578 -0.129 -0.243
item_ammo_revolver_ttt	232.406845 -144.107437 16.427681	1.321 1.535 -0.002
item_ammo_revolver_ttt	232.236420 -122.633423 16.399303	0.621 -0.380 -1.097
item_ammo_revolver_ttt	232.295303 -100.341339 16.441166	1.285 -0.396 -0.983
item_ammo_revolver_ttt	309.171265 1545.403564 224.383072	0.469 0.058 0.032
item_ammo_revolver_ttt	287.615173 1544.051270 224.352295	0.466 0.062 0.043
item_ammo_revolver_ttt	265.680511 1545.804688 224.313065	0.462 0.075 0.057
item_ammo_revolver_ttt	245.417877 1542.013184 224.442017	0.914 -0.292 -0.707
item_ammo_revolver_ttt	-1559.734375 1792.770264 14.363951	-0.232 1.052 0.039
item_ammo_revolver_ttt	-1560.502563 1824.626953 14.455119	0.478 1.192 0.187
item_ammo_revolver_ttt	-1560.745117 1851.937500 14.457753	0.757 0.997 -0.020
item_ammo_revolver_ttt	-1560.516602 1876.884766 14.440399	1.161 1.269 -0.057
item_ammo_revolver_ttt	-1561.363525 1901.066040 14.326122	0.479 -1.729 -0.026
item_ammo_revolver_ttt	-1048.313354 180.573303 16.427000	1.220 -0.103 -1.136
item_ammo_revolver_ttt	-1048.163574 159.218887 16.437572	-3.154 -0.065 2.164
item_ammo_revolver_ttt	-1048.381592 141.703812 16.458683	0.874 0.039 -0.444
item_ammo_revolver_ttt	-1048.254639 123.305397 16.414816	0.121 -0.034 -0.524
ttt_random_weapon	516.167175 -253.489899 177.196899	1.911 6.895 -92.516
ttt_random_weapon	516.063721 -303.678894 177.164902	2.116 3.707 -91.869
ttt_random_weapon	515.896179 -350.266815 177.227402	1.360 6.732 -93.695
ttt_random_weapon	-513.194885 -171.722107 309.216797	1.685 2.070 -93.031
ttt_random_weapon	-746.727295 -181.213593 309.171997	2.268 2.855 -92.369
ttt_random_weapon	-598.668213 -319.937500 503.436096	25.650 7.027 -90.781
ttt_random_weapon	-737.942200 426.046906 467.691498	-22.628 2.295 -93.830
ttt_random_weapon	385.890686 256.966003 406.595306	-22.590 2.294 -93.754
ttt_random_weapon	822.486023 -159.637894 429.144196	25.649 7.026 -90.786
ttt_random_weapon	634.737061 103.261650 232.008026	0.662 -101.596 85.636
ttt_random_weapon	329.066498 262.519287 178.645599	-4.190 0.760 -9.121
ttt_random_weapon	782.955078 -990.220703 -140.773804	1.579 3.979 -93.274
ttt_random_weapon	794.690796 -1087.431641 -140.771667	1.324 3.987 -93.870
ttt_random_weapon	793.487915 -1173.601196 -140.790207	1.765 4.011 -92.850
ttt_random_weapon	1392.396362 -1450.962280 72.151642	1.331 4.915 -94.114
ttt_random_weapon	1343.205933 -1442.847778 72.173203	1.211 14.982 -92.441
ttt_random_weapon	2.365300 1028.463379 -130.583298	-3.705 16.686 86.658
ttt_random_weapon	-190.105698 1635.579346 -22.716801	2.217 4.389 -92.422
ttt_random_weapon	-573.797424 1770.003052 81.151901	2.227 -170.839 -92.545
ttt_random_weapon	-690.258606 83.530602 17.133101	1.934 43.428 -91.667
ttt_random_weapon	-627.801147 95.921227 231.248032	1.332 83.047 -93.841
ttt_random_weapon	-741.707275 317.667389 258.845612	2.108 2.726 -92.640
ttt_random_weapon	-294.964996 356.121552 17.125317	1.340 -0.273 -94.058
ttt_random_weapon	534.551392 113.213234 59.093563	1.296 6.130 -93.719
ttt_random_weapon	-560.519592 410.856689 177.164902	2.094 -4.068 -92.788
ttt_random_weapon	-870.427979 -946.817078 46.197498	2.162 0.733 -91.941
ttt_random_weapon	-621.482300 712.846680 21.318600	1.332 5.850 -93.840
ttt_random_weapon	-690.432678 671.059082 21.318600	1.333 4.946 -93.838
ttt_random_weapon	600.875977 1499.556396 50.978901	67.449 -107.460 -111.760
ttt_random_weapon	662.107422 -80.933701 17.219200	1.658 4.987 -93.094
ttt_random_weapon	632.881348 -89.534027 231.248032	1.332 -73.237 -93.841
ttt_random_weapon	673.097717 -405.209015 177.241196	1.243 -1.698 -94.224
ttt_random_weapon	583.470215 -69.329498 177.186905	1.442 96.996 -92.924
ttt_random_weapon	477.265900 -73.321999 17.151199	2.421 51.434 -91.344
weapon_ttt_pump_shotgun	259.937195 -163.281204 177.493286	-0.466 -10.293 -90.122
weapon_ttt_pump_shotgun	262.577087 -138.158112 177.494537	-0.472 -10.293 -90.031
weapon_ttt_pump_shotgun	264.010040 -113.331352 177.496780	-0.482 -10.290 -89.869
weapon_ttt_pump_shotgun	-1145.664429 -1202.170776 89.502823	-0.520 -10.197 -89.951
weapon_ttt_pump_shotgun	-1199.327759 -1197.678223 89.502769	-0.522 -10.198 -90.049
weapon_ttt_pump_shotgun	-999.657776 305.775269 17.497601	-0.486 -10.288 -89.810
weapon_ttt_pump_shotgun	-1000.094482 337.895447 17.495287	-0.475 -10.291 -89.977
weapon_ttt_pump_shotgun	-996.760498 366.873199 17.493723	-0.468 -10.294 -90.090
weapon_ttt_pump_shotgun	-360.348541 1816.640015 -62.513786	-0.413 -9.749 -89.600
weapon_ttt_pump_shotgun	-314.818298 1817.883667 -62.511635	-0.426 -9.746 -89.576
weapon_ttt_pump_shotgun	-342.886505 1584.170410 81.495049	-0.474 -10.292 -89.995
weapon_ttt_pump_shotgun	-389.891388 1585.113892 81.493156	-0.465 -10.295 -90.133
weapon_ttt_pump_shotgun	-460.635040 -511.597900 17.485697	-0.410 -9.749 -89.606
weapon_ttt_pump_shotgun	-405.766785 -516.923828 17.490816	-0.440 -9.743 -89.548
item_ammo_smg1_ttt	-536.638672 1901.248169 224.420197	-0.416 0.004 0.267
item_ammo_smg1_ttt	-448.136505 1942.745850 224.508102	-0.426 0.011 -0.341
item_ammo_smg1_ttt	-542.729370 1972.563599 224.383698	0.078 -0.005 0.040
item_ammo_smg1_ttt	567.078186 397.462585 186.455399	-53.470 101.108 86.456
item_ammo_smg1_ttt	583.055786 426.650391 176.473495	0.503 52.368 0.084
item_ammo_smg1_ttt	598.692383 362.229889 258.484711	-1.057 0.266 -0.167
item_ammo_smg1_ttt	327.313202 1937.718994 168.302902	0.688 0.034 -0.560
item_ammo_smg1_ttt	341.037201 1886.333740 167.606293	-0.051 -0.281 0.100
item_ammo_smg1_ttt	32.879700 2005.447632 150.676407	0.258 2.629 -0.441
item_ammo_smg1_ttt	339.370300 1863.996460 -12.887000	-0.025 -0.006 -0.008
item_ammo_smg1_ttt	337.232513 1831.513550 -12.896000	0.429 -0.006 0.230
item_ammo_smg1_ttt	337.893311 1800.869873 -12.983300	-0.158 -0.007 -0.065
item_ammo_smg1_ttt	-1083.952881 1624.208618 40.522099	-0.801 0.145 -0.252
item_ammo_smg1_ttt	-1017.035278 1591.580444 40.527901	-0.599 0.334 -0.278
item_ammo_smg1_ttt	-1032.652466 1638.495239 29.885500	2.507 -1.341 -9.912
item_ammo_smg1_ttt	-1452.863159 1127.007935 1.530400	0.076 -0.968 0.014
item_ammo_smg1_ttt	-1442.208862 1150.866089 2.713900	-0.065 0.666 -8.212
item_ammo_smg1_ttt	-1406.627319 1130.783081 1.519100	-0.254 0.015 -0.217
item_ammo_smg1_ttt	530.773438 1490.706299 17.462233	-0.071 -0.078 -0.026
item_ammo_smg1_ttt	587.188904 1768.871826 48.414143	0.088 0.215 -0.038
item_ammo_smg1_ttt	-608.024658 1840.041992 80.444992	0.087 0.078 -0.028
item_ammo_smg1_ttt	-256.999756 376.542236 176.463104	0.074 0.080 -0.024
item_ammo_smg1_ttt	143.197937 -1214.009766 32.643944	0.070 -0.053 -0.038
item_ammo_smg1_ttt	526.924744 -296.349762 16.501501	-0.799 -0.466 -0.110
item_ammo_smg1_ttt	526.750000 -318.814514 16.547993	-0.693 -0.431 -0.358
item_ammo_smg1_ttt	525.033752 -344.347321 16.563274	-0.001 7.316 0.000
item_ammo_smg1_ttt	235.266098 101.524628 176.492188	-0.571 0.035 0.106
item_ammo_smg1_ttt	235.341431 135.152481 176.521912	0.337 0.383 0.508
item_ammo_smg1_ttt	235.278427 166.947845 176.538773	-0.585 0.096 -0.232
item_ammo_smg1_ttt	240.630676 197.961838 176.534576	0.070 -0.016 0.476
item_ammo_smg1_ttt	735.729797 -1352.079590 18.424421	-0.525 0.004 0.341
item_ammo_smg1_ttt	713.383728 -1350.784424 18.501223	0.828 -0.011 -0.619
item_ammo_smg1_ttt	688.557800 -1350.337769 18.500008	0.825 -0.011 -0.612
item_ammo_smg1_ttt	657.888000 -1352.799316 18.516376	0.271 -0.014 -0.232
item_ammo_smg1_ttt	-244.890213 -1580.878784 14.661184	-0.752 0.679 -0.002
item_ammo_smg1_ttt	-270.353729 -1580.816772 14.544908	-0.626 0.802 0.005
item_ammo_smg1_ttt	-309.376831 -1580.810059 14.563266	-0.848 -0.061 -0.566
item_ammo_smg1_ttt	-289.997131 -1580.895630 14.528798	-0.200 -0.030 -0.013
item_ammo_smg1_ttt	-1022.798401 -400.729095 176.463303	0.220 0.012 0.462
item_ammo_smg1_ttt	-1022.723450 -371.344360 176.524460	0.201 0.001 0.400
item_ammo_smg1_ttt	-1022.703796 -338.772156 176.532562	0.051 -0.013 0.155
item_ammo_smg1_ttt	-1022.681091 -97.429695 176.506149	0.211 0.657 0.424
item_ammo_smg1_ttt	-1022.686707 -63.156166 176.539566	0.137 -0.131 -0.081
item_ammo_smg1_ttt	-1002.177490 -26.064125 176.513138	0.054 -0.040 0.379
item_ammo_smg1_ttt	729.458191 -490.024902 16.440050	0.094 0.067 0.325
item_ammo_smg1_ttt	750.473633 -489.934753 16.534809	-0.624 0.355 0.611
item_ammo_smg1_ttt	769.714172 -489.933044 16.527395	-0.538 0.319 0.605
item_ammo_smg1_ttt	792.551331 -489.942810 16.491735	-0.199 0.203 0.622
item_ammo_smg1_ttt	828.370911 -490.004211 16.514574	0.236 0.074 0.491
item_ammo_smg1_ttt	808.632446 -489.996735 16.551552	-0.127 0.051 0.589
item_ammo_smg1_ttt	-819.167908 490.247803 16.504292	1.110 -0.473 -0.336
item_ammo_smg1_ttt	-841.826416 490.259308 16.514847	0.914 -0.474 -0.278
item_ammo_smg1_ttt	-865.044373 490.305420 16.531343	0.628 -0.391 -0.200
item_ammo_smg1_ttt	-884.841431 490.281036 16.521460	0.810 -0.392 -0.254
item_ammo_smg1_ttt	-910.141663 490.331146 16.536577	0.529 -0.413 -0.170
item_ammo_smg1_ttt	949.217102 490.179108 16.537580	-0.536 -0.477 0.524
item_ammo_smg1_ttt	927.723572 490.157959 16.517773	-0.227 -0.342 0.311
item_ammo_smg1_ttt	904.520630 490.186401 16.520800	0.840 -0.388 -0.269
item_ammo_smg1_ttt	880.429016 490.163239 16.535215	0.520 -0.336 -0.155
item_ammo_smg1_ttt	851.890137 490.293457 16.514315	0.964 -0.406 -0.307
item_ammo_smg1_ttt	-287.853607 416.786865 25.740664	-0.048 -95.661 -88.473
item_ammo_smg1_ttt	-235.083328 340.019440 16.501751	-0.833 -0.204 -0.134
item_ammo_smg1_ttt	-235.084503 304.628113 16.516962	-0.658 -0.328 -0.122
item_ammo_smg1_ttt	-526.756897 251.454346 16.518549	0.525 0.038 0.614
item_ammo_smg1_ttt	-526.585754 282.679230 16.552841	0.439 0.266 0.221
item_ammo_smg1_ttt	-526.497864 311.250854 16.508801	-1.151 0.424 -0.382
item_ammo_smg1_ttt	-526.436401 343.721954 16.525650	-0.899 0.439 -0.342
item_ammo_smg1_ttt	-150.078110 1757.299194 -63.467854	-0.450 -0.650 -0.087
item_ammo_smg1_ttt	-150.045319 1725.887817 -63.477470	-0.591 -0.561 -0.115
item_ammo_smg1_ttt	-150.045700 1697.673950 -63.485130	-0.716 -0.375 -0.146
item_ammo_smg1_ttt	-9.847690 2006.006470 -63.535957	-0.222 -0.005 0.536
item_ammo_smg1_ttt	18.282181 2006.054810 -63.465755	-0.546 0.402 0.563
item_ammo_smg1_ttt	50.591873 2005.953613 -63.521362	0.107 -0.025 0.442
item_ammo_smg1_ttt	74.856453 2005.969360 -63.524731	-0.133 0.037 0.504
item_ammo_smg1_ttt	-67.233292 1790.017944 80.502975	0.156 -0.298 0.517
item_ammo_smg1_ttt	-48.580013 1790.038086 80.484848	0.143 -0.029 0.633
item_ammo_smg1_ttt	-29.354919 1790.051392 80.533333	0.506 -0.505 0.543
item_ammo_smg1_ttt	-10.684943 1790.063843 80.557442	0.169 -0.017 0.804
item_ammo_smg1_ttt	11.784875 1790.062378 80.554184	0.822 0.003 0.610
item_ammo_smg1_ttt	513.647461 490.239563 16.511412	0.893 -0.293 -0.240
item_ammo_smg1_ttt	487.039124 490.350555 16.535267	0.568 -0.453 -0.187
item_ammo_smg1_ttt	461.810913 490.152222 16.497095	0.955 -0.278 -0.334
item_ammo_smg1_ttt	424.325287 490.336090 16.514933	0.964 -0.420 -0.311
item_ammo_smg1_ttt	392.817902 490.344727 16.492474	1.216 -0.346 -0.317
item_ammo_smg1_ttt	442.778900 490.483734 16.539194	0.683 -0.396 -0.290
item_ammo_smg1_ttt	-870.111206 -489.927948 16.509535	0.222 -0.027 0.721
item_ammo_smg1_ttt	-849.252075 -489.923676 16.513060	-0.213 -0.024 0.731
item_ammo_smg1_ttt	-826.968018 -489.991547 16.602377	-0.073 0.008 0.730
item_ammo_smg1_ttt	-794.350891 -489.918060 16.500580	0.255 -0.030 0.719
item_ammo_smg1_ttt	-767.968445 -489.852356 16.594177	-0.520 0.036 1.051
item_ammo_smg1_ttt	-810.326233 -490.066284 16.563267	-0.730 0.064 0.487
item_ammo_smg1_ttt	727.867004 -1580.801270 16.177549	1.794 -0.074 0.294
item_ammo_smg1_ttt	698.925415 -1580.789307 16.166498	-1.679 0.087 0.182
item_ammo_smg1_ttt	663.927856 -1580.523315 15.482690	-1.348 4.015 -0.011
item_ammo_smg1_ttt	633.551270 -1580.778564 14.923774	-1.311 1.214 -0.110
item_ammo_smg1_ttt	603.989685 -1580.820435 14.563266	-0.814 -0.057 -0.543
item_ammo_smg1_ttt	1051.317871 -182.660538 16.525791	0.247 0.107 0.250
item_ammo_smg1_ttt	1051.378784 -154.879227 16.563272	-0.424 0.080 -0.282
item_ammo_smg1_ttt	1051.476929 -127.267654 16.503838	-1.302 0.401 -0.405
item_ammo_smg1_ttt	1051.550171 -98.604355 16.532032	-0.625 0.402 -0.203
item_ammo_smg1_ttt	646.217651 1602.468140 14.544089	0.594 -0.182 0.349
item_ammo_smg1_ttt	646.175415 1627.450806 14.480107	0.148 -0.007 0.086
item_ammo_smg1_ttt	646.325745 1656.539063 14.562107	-0.813 -0.083 -0.550
item_ammo_smg1_ttt	646.289307 1683.482544 14.564211	-1.168 -0.056 -0.776
item_ammo_smg1_ttt	646.478699 1716.013794 14.563274	0.000 0.393 0.000
item_ammo_smg1_ttt	30.546667 2042.185547 14.508818	-0.524 -0.473 -0.076
item_ammo_smg1_ttt	1.616483 2043.238403 14.531191	1.128 9.829 0.195
item_ammo_smg1_ttt	-29.677210 2042.263794 14.509858	0.514 0.563 0.023
item_ammo_smg1_ttt	-67.230194 2042.129639 14.419323	0.289 0.166 -0.082
item_ammo_smg1_ttt	-675.517639 -1580.867676 14.563278	-0.551 -0.037 -0.367
item_ammo_smg1_ttt	-705.494446 -1580.819580 14.556876	-0.464 -0.056 -0.266
item_ammo_smg1_ttt	-729.440918 -1580.076538 14.563120	-0.000 1.218 0.001
item_ammo_smg1_ttt	-761.400818 -1580.862549 14.486654	0.347 0.159 0.173
item_ammo_smg1_ttt	298.621429 1546.175415 80.539215	0.407 0.357 0.421
item_ammo_smg1_ttt	275.704010 1546.157593 80.509735	-0.522 0.348 -0.076
item_ammo_smg1_ttt	249.648087 1546.198120 80.543518	0.502 0.448 0.470
item_ammo_smg1_ttt	217.737350 1546.107788 80.494141	-1.134 0.150 -0.293
weapon_zm_molotov	512.910583 -349.656891 183.066193	-0.785 0.325 1.820
weapon_zm_molotov	508.602905 -313.604187 180.555099	0.213 -0.203 -0.041
weapon_zm_molotov	514.549805 -282.204498 180.545700	0.229 -0.195 -0.045
weapon_zm_molotov	647.631226 -209.576508 312.532593	1.676 0.008 -1.474
weapon_zm_molotov	171.349701 -24.153799 303.250488	-69.567 179.663 -89.872
weapon_zm_molotov	-625.996094 38.637100 594.971680	0.488 0.004 -0.072
weapon_zm_molotov	660.106689 45.549198 192.075806	-45.545 -5.576 -25.625
weapon_zm_molotov	-604.802307 1910.610718 122.610703	0.208 -0.007 0.441
weapon_zm_molotov	-598.704895 1989.683838 122.667603	0.571 -0.085 -3.300
weapon_zm_molotov	-1026.663330 267.474792 177.597107	0.641 -132.026 90.209
weapon_zm_molotov	-696.525085 -1251.637817 14.943800	1.659 -154.423 -77.711
weapon_zm_molotov	-164.687698 -287.740814 1225.583252	2.848 -0.129 -2.959
weapon_zm_molotov	-73.351501 -135.648102 1225.593384	2.561 -0.132 -2.657
weapon_zm_molotov	-175.427704 -50.872700 1225.641968	4.224 -0.215 -3.781
weapon_zm_molotov	-23.965200 -132.159698 1225.646729	1.276 0.011 0.107
weapon_zm_molotov	-167.709702 -1061.718994 24.464399	1.294 -0.897 2.923
weapon_zm_molotov	-1.284700 807.160400 20.554701	3.647 -0.108 -3.778
weapon_zm_molotov	-481.297485 1043.229126 5.536600	2.394 -0.005 -2.312
weapon_zm_molotov	-332.004303 1791.301025 228.557007	0.210 -0.203 -0.040
weapon_zm_molotov	-791.675293 23.643410 84.181107	1.433 0.121 -1.567
weapon_zm_molotov	-694.172424 37.974590 20.151686	1.542 0.201 3.476
weapon_zm_molotov	-788.122864 -23.928171 84.145287	2.508 0.147 -2.696
weapon_zm_molotov	-752.961243 -135.539642 84.183540	1.359 0.063 -1.534
weapon_zm_molotov	-530.675293 -134.735245 84.214890	0.430 0.355 -0.436
weapon_zm_molotov	-468.073151 -33.109131 20.174339	1.207 0.232 2.969
weapon_zm_molotov	-572.828003 34.230087 20.191986	4.705 2.561 -1.256
weapon_zm_molotov	-502.203644 135.216629 84.203949	0.587 0.231 1.491
weapon_zm_molotov	466.981049 38.187408 20.168379	1.814 0.136 -1.966
weapon_zm_molotov	490.680695 124.164482 20.185066	1.040 0.250 2.674
weapon_zm_molotov	461.593109 -33.780155 20.162836	1.978 0.088 -2.194
weapon_zm_molotov	663.626587 -35.123619 20.178949	1.094 0.234 2.735
weapon_zm_molotov	729.458069 -134.529373 84.171432	1.721 0.078 -1.922
weapon_zm_molotov	726.424622 135.378189 84.168419	1.815 0.175 -1.921
weapon_zm_molotov	753.777222 133.892944 84.155167	1.616 -1.507 -1.569
weapon_zm_molotov	437.596985 122.614189 62.381416	1.045 0.204 -0.265
weapon_zm_molotov	586.607422 -125.334229 62.336315	1.675 -1.557 -0.342
weapon_zm_molotov	811.624756 -125.345612 62.301319	-0.769 1.139 1.628
weapon_zm_molotov	663.590881 124.627472 62.366638	1.227 0.262 -0.370
weapon_zm_molotov	-821.088257 123.039108 62.398003	0.551 1.074 0.710
weapon_zm_molotov	-671.956482 -124.919220 62.373665	-1.650 -0.463 1.033
weapon_zm_molotov	-447.003143 -124.965904 62.379639	0.921 -1.596 0.924
weapon_zm_molotov	-594.572632 127.571854 63.931931	-51.174 -63.190 -86.628
ttt_playerspawn	758.345947 -1273.200073 -141.464111	-0.068 0.001 0.111
ttt_playerspawn	1373.740723 -1378.901489 24.548416	0.028 0.000 -0.028
ttt_playerspawn	-420.790558 -263.306671 16.553778	0.164 -0.126 0.017
ttt_playerspawn	-346.674866 295.596985 16.524084	0.006 0.000 -0.006
ttt_playerspawn	363.502686 259.345184 16.488827	0.009 0.000 -0.009
ttt_playerspawn	342.391693 -242.612289 16.504469	0.008 0.000 -0.008
ttt_playerspawn	-843.654480 -309.491821 16.575874	0.141 -0.334 0.065
ttt_playerspawn	-905.090393 251.373077 16.465979	0.012 0.000 -0.012
ttt_playerspawn	-541.544922 1068.076050 1.493156	0.045 0.000 -0.045
ttt_playerspawn	587.243896 1070.428467 1.545197	0.028 0.000 -0.029
ttt_playerspawn	-167.793198 1802.943604 224.467636	0.012 0.000 -0.012
ttt_playerspawn	462.993164 1848.225220 224.474777	0.012 0.000 -0.012
ttt_playerspawn	-1038.922241 1843.174927 14.575871	-0.034 -0.060 -0.042
ttt_playerspawn	-740.194580 -1106.114624 24.504171	0.123 0.146 0.023
ttt_playerspawn	-1220.907837 -1064.289551 24.680019	-0.125 -0.084 0.381
ttt_playerspawn	798.906433 -265.241180 16.462082	0.013 0.000 -0.013
ttt_playerspawn	859.620972 268.721802 16.505909	0.080 0.052 -0.001
ttt_playerspawn	1519.559448 2008.137939 15.388697	2.038 0.019 0.595
ttt_playerspawn	1464.487549 98.856102 18.553089	-0.028 0.518 -4.285
ttt_playerspawn	-6.315211 -365.909760 20.058424	-3.608 0.022 0.985
ttt_playerspawn	4.848743 349.556732 19.331726	2.143 -0.010 0.037
ttt_playerspawn	-1405.493408 106.190361 19.219372	-3.899 -0.285 -3.999
ttt_playerspawn	837.375488 349.559021 176.478607	-0.010 -0.000 -0.010
ttt_playerspawn	893.259338 -209.221481 176.490128	0.008 0.000 -0.008
ttt_playerspawn	382.480377 -343.214020 176.494781	0.010 0.000 -0.010
ttt_playerspawn	398.275299 89.880875 176.461533	0.006 -39.931 -0.103
ttt_playerspawn	386.431885 362.782776 176.512192	0.007 0.000 -0.007
ttt_playerspawn	-367.829773 219.436707 176.532410	0.005 0.000 -0.005
ttt_playerspawn	-342.818848 -141.282333 176.458984	-0.012 -0.000 -0.012
ttt_playerspawn	-366.354736 -394.735046 176.486465	0.010 0.000 -0.010
ttt_playerspawn	-846.089783 -352.400726 176.475555	0.011 0.000 -0.011
ttt_playerspawn	-883.619263 269.193146 176.467285	0.011 0.000 -0.011
item_box_buckshot_ttt	387.806000 -222.978394 308.410492	-1.011 0.102 0.794
item_box_buckshot_ttt	414.960999 -283.794098 308.378113	0.281 0.003 -0.139
item_box_buckshot_ttt	387.949890 -316.976807 348.518890	0.219 -0.919 -0.312
item_box_buckshot_ttt	737.236877 290.221497 16.387600	-1.009 -0.011 0.893
item_box_buckshot_ttt	742.197388 259.429504 16.449301	-0.492 -0.006 0.436
item_box_buckshot_ttt	731.610718 266.860413 81.766998	-1.005 -0.010 0.845
item_box_buckshot_ttt	254.036194 233.846802 176.444397	-0.530 -0.006 0.471
item_box_buckshot_ttt	398.773193 229.538803 264.463898	0.429 -0.085 -0.096
item_box_buckshot_ttt	261.116089 229.186600 264.444092	1.756 0.172 0.567
item_box_buckshot_ttt	-599.721313 1556.140259 80.398499	-0.919 -0.010 0.813
item_box_buckshot_ttt	-592.522888 1568.476318 80.332001	0.329 0.004 -0.255
item_box_buckshot_ttt	-620.209900 1624.074707 174.087204	0.634 -0.099 0.297
item_box_buckshot_ttt	-1535.330200 2167.009766 14.426600	-0.892 0.440 0.036
item_box_buckshot_ttt	-1539.643066 2124.714355 14.480100	0.195 -0.066 0.056
item_box_buckshot_ttt	-1525.864990 2108.979004 14.441500	0.006 0.000 -0.052
item_box_buckshot_ttt	-893.517212 -447.632385 34.936798	1.409 -0.011 -0.666
item_box_buckshot_ttt	-933.614685 -446.944885 34.901600	-1.012 -0.005 0.852
item_box_buckshot_ttt	-962.010376 -447.125702 34.870098	0.726 -0.007 -0.529
item_box_buckshot_ttt	-1007.114990 -310.982178 176.428497	-0.072 -0.386 0.036
item_box_buckshot_ttt	47.227737 310.388275 -127.645416	-0.134 -0.352 0.073
item_box_buckshot_ttt	-51.558506 307.432434 -127.609764	-0.103 -0.374 0.055
item_box_buckshot_ttt	-597.030823 38.993290 58.426449	0.072 0.627 0.029
item_box_buckshot_ttt	585.458557 -39.304695 58.374191	-0.114 0.201 -0.066
item_box_buckshot_ttt	936.674683 -348.641571 213.262131	-0.430 0.081 -0.079
item_box_buckshot_ttt	663.895020 1.441160 308.433838	-0.241 1.401 0.176
item_box_buckshot_ttt	-594.212830 0.687966 308.475281	0.825 -0.080 -0.162
item_box_buckshot_ttt	258.511047 242.678024 264.438904	-0.062 -0.555 0.028
item_box_buckshot_ttt	-598.197327 -364.713806 222.387192	-0.095 0.189 -0.053
item_box_buckshot_ttt	-562.216370 -367.092316 242.419678	-0.075 0.208 0.054
item_box_buckshot_ttt	1439.802490 -1455.215820 71.378960	-0.077 -0.374 -0.084
item_box_buckshot_ttt	-92.136414 1619.515869 -134.617249	-0.112 0.046 -0.061
item_box_buckshot_ttt	-404.337799 1916.232056 80.409866	-0.087 -0.512 0.039
item_box_buckshot_ttt	786.860779 -35.493080 58.363640	-0.158 0.221 0.064
item_box_buckshot_ttt	233.720352 -174.935287 176.447311	-0.507 -0.006 0.450
item_box_buckshot_ttt	232.973434 -157.699341 176.495804	0.309 -0.109 -0.027
item_box_buckshot_ttt	232.910477 -135.575653 176.465179	0.008 -0.311 -0.683
item_box_buckshot_ttt	232.844315 -115.805946 176.377060	1.010 -0.050 0.543
item_box_buckshot_ttt	232.900558 -89.534981 176.459534	-0.038 -0.365 -0.806
item_box_buckshot_ttt	-1119.378662 -1232.434570 88.379311	0.106 0.003 0.002
item_box_buckshot_ttt	-1132.337524 -1233.700073 88.376961	0.476 0.018 -0.297
item_box_buckshot_ttt	-1147.848999 -1233.492310 88.373688	0.755 -0.022 -0.525
item_box_buckshot_ttt	-1168.896851 -1235.902710 88.387764	-1.010 -0.011 0.895
item_box_buckshot_ttt	-1160.177368 -1237.598999 88.427109	-0.671 -0.006 0.596
item_box_buckshot_ttt	-1186.072266 -1240.903320 88.376572	0.489 0.018 -0.311
item_box_buckshot_ttt	-1198.539795 -1235.930176 88.391479	-0.980 0.004 0.868
item_box_buckshot_ttt	-1211.370728 -1233.738525 88.375595	0.668 -0.001 -0.454
item_box_buckshot_ttt	-1025.093994 294.874969 16.355333	1.045 0.000 -0.841
item_box_buckshot_ttt	-1024.894043 314.529022 16.434961	-0.600 -0.006 0.535
item_box_buckshot_ttt	-1025.092529 329.683868 16.444139	0.876 -0.092 -0.423
item_box_buckshot_ttt	-1025.095215 349.684937 16.442341	0.906 -0.095 -0.437
item_box_buckshot_ttt	-1025.126587 362.702301 16.431103	-0.027 -0.026 0.501
item_box_buckshot_ttt	-1025.075195 378.317566 16.459091	0.429 -0.064 -0.157
item_box_buckshot_ttt	-370.129547 1861.653320 -63.600197	-0.891 -0.016 0.793
item_box_buckshot_ttt	-354.072815 1866.643921 -63.539051	1.248 -0.232 -0.304
item_box_buckshot_ttt	-337.253265 1866.615112 -63.556507	1.727 -0.084 -0.442
item_box_buckshot_ttt	-315.719147 1866.681152 -63.545040	-0.212 -0.499 0.844
item_box_buckshot_ttt	-293.433533 1866.538330 -63.543022	0.523 -0.135 -0.156
item_box_buckshot_ttt	-337.254578 1541.700317 80.442810	1.702 -0.174 -0.421
item_box_buckshot_ttt	-356.310852 1541.686401 80.459587	1.308 -0.155 -0.332
item_box_buckshot_ttt	-369.898682 1541.742676 80.467300	1.097 -0.184 -0.268
item_box_buckshot_ttt	-384.895660 1541.705078 80.482544	0.571 4.069 -0.081
item_box_buckshot_ttt	-403.409515 1541.583862 80.446808	-1.059 3.399 -0.026
item_box_buckshot_ttt	-479.333557 -485.154144 16.460251	1.372 -0.348 -0.388
item_box_buckshot_ttt	-464.996918 -485.097351 16.450708	-0.519 -0.662 1.148
item_box_buckshot_ttt	-456.225220 -485.163757 16.504076	0.270 -0.196 -0.100
item_box_buckshot_ttt	-448.163818 -485.148010 16.483845	-0.454 -0.838 0.692
item_box_buckshot_ttt	-435.234589 -485.151367 16.481308	-0.181 -0.861 0.518
item_box_buckshot_ttt	-422.111542 -485.189392 16.425694	-0.626 -0.831 1.559
item_box_buckshot_ttt	-406.137695 -485.137115 16.486998	1.276 -0.558 -0.645
weapon_ttt_galil	495.915070 -299.132416 17.189438	0.752 -8.455 -87.833
weapon_ttt_galil	497.001801 -321.864899 17.127186	0.937 -9.378 -87.399
weapon_ttt_galil	495.497589 -342.425873 17.130236	0.940 -8.425 -87.430
weapon_ttt_galil	-992.539001 -91.399727 177.144974	0.836 -9.435 -87.483
weapon_ttt_galil	-982.554749 -54.617790 177.118851	0.976 -8.421 -87.353
weapon_ttt_galil	-490.372559 260.362061 17.147072	0.886 -8.433 -87.545
weapon_ttt_galil	-490.154999 295.017426 17.209791	0.687 -8.469 -87.972
weapon_ttt_galil	-488.391785 336.991821 17.108526	1.009 -8.419 -87.282
weapon_ttt_p90	-33.021599 1822.510132 124.567596	1.006 -0.111 1.805
weapon_ttt_p90	-1443.554321 1135.675781 2.730800	-0.479 -1.860 -89.727
weapon_ttt_p90	257.258209 113.506454 177.300400	0.024 1.365 -87.676
weapon_ttt_p90	256.086578 142.450378 177.296509	0.094 1.361 -87.620
weapon_ttt_p90	259.018951 195.882339 177.291504	0.674 -10.852 -87.775
weapon_ttt_p90	743.472412 -534.102112 17.345274	0.407 1.618 -87.845
weapon_ttt_p90	791.142456 -532.076477 17.300901	0.529 1.620 -87.564
weapon_ttt_p90	835.887817 -525.527344 17.311932	0.499 1.619 -87.634
weapon_ttt_p90	-260.553619 335.558472 17.285192	0.297 1.347 -87.457
weapon_ttt_p90	-259.977814 309.718628 17.305378	-0.065 1.374 -87.748
weapon_ttt_p90	-181.731567 1743.770874 -62.510647	0.010 1.610 -88.761
weapon_ttt_p90	-180.481995 1723.613159 -62.836117	0.906 1.629 -86.695
weapon_ttt_p90	-180.822464 1695.322632 -62.718632	0.583 1.621 -87.440
weapon_ttt_p90	-856.764160 -526.814758 17.268913	0.618 1.622 -87.361
weapon_ttt_p90	-816.034973 -520.334778 17.393917	0.273 1.616 -88.154
weapon_ttt_p90	-776.218201 -520.163452 17.427317	0.181 1.614 -88.366
weapon_ttt_famas	-251.326340 -1536.085083 15.399835	-0.399 15.819 90.813
weapon_ttt_famas	-301.937286 -1539.705933 15.031152	0.000 16.892 89.027
weapon_ttt_famas	-979.177185 -382.735626 177.182938	0.000 16.868 90.000
weapon_ttt_famas	-983.102417 -359.098236 177.182938	0.000 16.869 90.000
weapon_ttt_famas	701.812988 -1531.145142 16.533459	-0.857 15.137 88.306
weapon_ttt_famas	663.109009 -1530.256836 16.060711	-0.947 14.855 89.706
weapon_ttt_famas	616.594971 -1538.424194 15.419406	-0.168 -15.302 -89.559
weapon_ttt_famas	1084.885864 -166.608978 17.182945	0.000 16.038 90.000
weapon_ttt_famas	1087.244507 -134.499298 17.182945	0.000 16.037 90.000
weapon_ttt_famas	1088.878418 -107.526070 17.182941	0.000 16.040 90.000
weapon_ttt_famas	687.119446 1607.525146 15.182945	0.000 16.690 90.000
weapon_ttt_famas	681.132324 1643.295166 15.176316	0.006 16.457 89.954
weapon_ttt_famas	678.360352 1676.412476 15.182945	0.000 16.531 90.000
weapon_ttt_famas	682.214783 1706.492554 15.087955	0.000 16.891 89.391
weapon_ttt_famas	22.381552 2086.321289 14.980587	0.000 16.896 88.704
weapon_ttt_famas	-39.838108 2086.463379 15.056327	0.000 16.892 89.189
weapon_ttt_famas	287.878601 1575.550049 81.182945	0.000 16.867 90.000
weapon_ttt_famas	229.149155 1579.271484 81.182945	0.000 16.866 90.000
ttt_random_ammo	529.426086 -238.495895 231.337708	0.047 -0.000 0.025
ttt_random_ammo	530.307922 -261.280212 231.415405	-0.706 -1.621 0.493
ttt_random_ammo	530.338379 -288.843903 231.431503	-0.526 -0.084 0.706
ttt_random_ammo	527.814880 -311.870209 231.463699	0.660 -0.021 -0.800
ttt_random_ammo	530.348877 -330.244812 231.422607	-0.676 -0.345 0.720
ttt_random_ammo	530.260071 -357.503204 231.487396	-0.198 0.438 0.305
ttt_random_ammo	-806.197876 -30.596201 308.384003	0.235 0.001 0.229
ttt_random_ammo	-615.031921 -68.615196 308.365387	0.075 -0.000 -0.025
ttt_random_ammo	-384.697510 -51.328300 308.389191	0.402 0.002 0.434
ttt_random_ammo	-354.144897 -326.872894 308.425415	1.383 0.032 1.664
ttt_random_ammo	-933.491882 -439.031189 308.361511	0.065 0.000 0.011
ttt_random_ammo	-773.740906 -299.823212 395.467285	0.028 -0.000 0.071
ttt_random_ammo	566.264221 -189.330597 491.399109	-65.317 177.112 -168.854
ttt_random_ammo	815.205383 260.146912 434.277496	65.277 177.587 -170.560
ttt_random_ammo	511.627808 -35.501099 466.507904	-65.867 179.465 -171.411
ttt_random_ammo	799.039429 9.689300 441.644592	65.238 177.229 -170.872
ttt_random_ammo	-460.470795 218.545700 442.328094	65.280 177.621 -170.522
ttt_random_ammo	-442.867004 -180.014008 434.313690	65.270 177.530 -170.628
ttt_random_ammo	-453.954407 -154.053497 439.281891	-1.156 -92.942 65.303
ttt_random_ammo	-614.914917 -24.533501 568.348999	0.050 -0.000 0.014
ttt_random_ammo	522.692322 69.072197 178.706207	88.673 130.161 90.283
ttt_random_ammo	319.767395 201.395706 178.723694	89.164 -129.989 -89.321
ttt_random_ammo	347.252899 260.830414 264.484497	1.251 -4.970 -1.516
ttt_random_ammo	1337.626953 -1472.349121 71.357498	0.059 0.000 0.001
ttt_random_ammo	1374.834717 -1478.236206 71.444801	0.674 -0.119 0.933
ttt_random_ammo	1450.417725 -1343.044434 34.968399	-0.297 0.500 -0.184
ttt_random_ammo	1480.073975 -1387.302612 64.983597	-10.792 0.476 -4.933
ttt_random_ammo	1274.241455 -1473.561157 24.411699	0.388 0.009 1.116
ttt_random_ammo	238.113098 -952.419678 2.393600	0.834 0.009 0.961
ttt_random_ammo	-10.712200 1081.289063 -130.056503	78.830 180.000 175.315
ttt_random_ammo	4.851700 1081.085205 -133.606598	-10.330 -0.549 -0.071
ttt_random_ammo	18.859600 1073.348633 -130.841400	-10.317 -0.548 -0.074
ttt_random_ammo	-441.963989 1734.533325 -42.557301	-4.447 -3.311 0.078
ttt_random_ammo	-439.303589 1759.314941 -42.485699	-4.704 -0.753 0.279
ttt_random_ammo	-601.136719 1758.200806 184.888000	6.559 0.686 0.986
ttt_random_ammo	-832.221497 26.618700 58.455700	0.563 -0.042 1.594
ttt_random_ammo	-963.740417 84.165901 53.727402	-0.024 13.973 -1.433
ttt_random_ammo	-879.780884 461.429413 103.643204	1.635 -0.485 1.590
ttt_random_ammo	-731.474976 289.278992 86.345001	-88.238 165.867 -160.171
ttt_random_ammo	-773.337097 40.052299 200.834000	-2.793 -175.203 91.839
ttt_random_ammo	-657.908813 43.794498 191.194595	-24.187 15.892 -42.313
ttt_random_ammo	-931.090088 30.123100 209.238205	-0.538 -0.630 0.293
ttt_random_ammo	-947.771912 30.189400 209.198196	2.349 -0.223 1.410
ttt_random_ammo	-560.511597 63.278400 176.339996	0.048 0.000 -0.023
ttt_random_ammo	-584.366821 80.126801 16.357500	0.060 0.000 0.001
ttt_random_ammo	-460.264862 211.838928 19.656254	-89.755 66.238 -164.945
ttt_random_ammo	-607.703796 163.010193 16.482800	-0.612 -7.355 0.303
ttt_random_ammo	594.614502 109.315598 60.905701	88.990 126.179 109.595
ttt_random_ammo	590.206604 36.624401 58.452000	0.247 13.449 1.366
ttt_random_ammo	452.780487 28.030399 58.407700	1.609 0.033 1.921
ttt_random_ammo	-575.033203 386.158386 222.440704	-1.762 -0.030 2.135
ttt_random_ammo	-938.008606 -950.321289 45.504799	0.319 -0.018 -0.396
ttt_random_ammo	-944.087524 -908.950684 45.498001	-0.786 -0.021 0.996
ttt_random_ammo	-894.297119 -900.284485 45.358200	0.045 -0.000 0.032
ttt_random_ammo	-603.506470 694.566589 22.830000	-0.021 171.389 90.050
ttt_random_ammo	-695.856995 727.156677 20.556000	0.165 0.017 0.198
ttt_random_ammo	-666.538208 684.021118 20.555201	-0.364 0.011 -0.449
ttt_random_ammo	-612.108887 651.802002 20.566299	-0.715 0.084 -0.975
ttt_random_ammo	255.605103 656.943787 41.295502	1.505 1.193 97.394
ttt_random_ammo	251.084595 748.708008 60.711201	1.077 0.020 1.439
ttt_random_ammo	585.051270 779.747314 1.372600	-0.101 -0.000 0.058
ttt_random_ammo	733.977295 1304.055542 56.580200	0.156 1.116 8.599
ttt_random_ammo	750.378418 -137.199097 58.440601	0.669 -0.013 1.820
ttt_random_ammo	729.615723 -271.758392 83.155998	1.327 -0.639 -0.042
ttt_random_ammo	1010.924927 -57.909199 56.017101	0.946 3.041 0.930
ttt_random_ammo	774.442871 -103.902603 199.934906	-0.004 34.577 -89.301
ttt_random_ammo	727.508301 -51.287399 176.317505	0.047 0.000 -0.035
ttt_random_ammo	924.542786 -457.544098 270.728699	0.411 32.697 -89.937
ttt_random_ammo	672.633179 -426.449005 176.377701	0.143 -0.001 -0.114
ttt_random_ammo	842.306824 -113.164902 216.580902	0.182 -0.378 0.534
ttt_random_ammo	516.580017 -68.652901 176.335297	0.047 0.000 -0.027
ttt_random_ammo	-199.156693 -26.103901 37.377899	-5.021 -0.796 0.184
ttt_random_ammo	30.877899 -1510.919189 36.509499	-0.094 -0.000 0.065
ttt_random_ammo	-655.130127 -1039.075317 20.724100	3.774 -47.245 -80.006
ttt_random_ammo	-662.805725 -884.754089 19.787201	-2.081 -83.553 -88.943
ttt_random_ammo	-636.553894 -1253.019409 21.046000	-79.266 120.226 -109.992
weapon_zm_rifle	598.682983 451.710205 309.382111	3.307 11.168 65.414
weapon_zm_rifle	506.038605 1609.645508 225.337402	3.331 11.505 64.817
weapon_zm_rifle	-272.777405 411.591492 177.344406	3.100 2.856 66.877
weapon_zm_rifle	-914.891724 -209.101700 177.399399	3.429 38.110 65.505
weapon_zm_rifle	-33.223812 1809.142090 123.095505	3.405 26.506 65.499
weapon_zm_rifle	-800.367798 35.916904 57.102402	3.380 25.507 65.438
weapon_zm_rifle	-335.183136 -218.916397 175.108734	3.387 26.539 65.495
weapon_zm_rifle	524.629272 91.412880 17.170769	0.227 -7.210 -88.904
weapon_zm_rifle	628.360657 -510.186798 307.190491	3.454 12.100 65.436
weapon_zm_rifle	-630.567200 -502.777924 307.087402	3.704 12.650 64.962
weapon_zm_rifle	628.367798 517.135010 307.164459	3.518 12.656 65.333
weapon_zm_rifle	-627.080627 527.861816 307.108246	3.654 12.652 65.063
weapon_zm_rifle	-179.929565 1553.650757 223.114914	3.676 12.981 65.491
weapon_zm_rifle	-277.846863 1552.524048 223.211365	3.417 12.945 65.674
weapon_zm_rifle	-1112.592163 -1151.474609 279.159149	3.288 5.386 65.244
weapon_zm_rifle	-1112.026489 -1173.414307 279.245239	3.301 20.662 65.758
weapon_zm_rifle	1006.594971 1645.555176 251.345810	3.722 12.651 64.926
weapon_zm_rifle	941.002258 1678.242065 251.579956	2.934 -0.908 66.581
weapon_zm_rifle	-1522.655273 1632.451538 13.068801	3.731 13.305 64.695
weapon_zm_rifle	-1524.268433 1691.825562 13.162039	3.516 13.213 65.234
weapon_zm_rifle	-278.823181 140.332764 175.168564	3.532 12.944 65.593
weapon_zm_rifle	702.944031 -85.050598 481.603241	27.985 12.194 73.147
weapon_zm_rifle	-698.634949 103.028099 485.633026	-24.278 -1.210 -89.468
weapon_zm_rifle	-704.649353 -267.514191 482.851471	-24.230 -1.664 -88.592
weapon_zm_rifle	541.388306 216.414764 477.338531	-24.086 -1.690 -88.346
weapon_zm_mac10	591.406311 418.200714 177.350998	0.172 -11.080 -88.091
weapon_zm_mac10	304.156097 1828.877808 -63.120499	-0.383 165.912 87.740
weapon_zm_mac10	-610.080994 -59.755295 568.938049	0.238 64.895 88.230
weapon_zm_mac10	617.632568 -55.877186 568.873840	-0.495 38.023 87.607
weapon_zm_mac10	14.439109 51.613232 -127.177139	0.085 47.786 87.365
weapon_zm_mac10	-669.436584 1880.293701 57.010841	-25.698 145.277 47.657
weapon_zm_mac10	-664.355774 361.164032 222.877319	0.026 57.870 86.983
weapon_zm_mac10	674.346436 -369.885895 222.861542	0.231 49.850 87.312
weapon_zm_mac10	622.284058 1522.959106 276.898163	0.014 49.346 87.221
weapon_zm_pistol	-28.787300 -1440.888672 16.233101	-0.355 -36.693 -91.921
weapon_zm_pistol	479.209198 -1438.645020 15.482700	-1.469 -35.642 -90.567
weapon_zm_pistol	1097.885498 -641.641418 14.359600	0.453 36.661 89.096
weapon_zm_pistol	1342.896729 313.308289 33.173199	0.046 35.113 88.262
weapon_zm_pistol	1355.490967 286.364899 33.140598	-0.534 35.368 88.815
weapon_zm_pistol	579.254211 -2.523855 309.105743	0.047 31.153 90.309
weapon_zm_pistol	-678.362244 0.828502 309.086395	0.733 30.722 90.397
weapon_zm_pistol	-567.246216 393.076996 222.767014	-0.137 4.962 -88.100
weapon_zm_pistol	-590.787537 383.020477 222.767303	-0.651 -16.820 -88.876
weapon_zm_pistol	140.821960 -1025.422485 32.964600	-0.643 -25.036 -88.675
weapon_zm_pistol	140.694489 -1036.767578 32.967667	-0.500 -27.164 -88.920
weapon_zm_pistol	556.469360 1491.424805 17.772024	-0.342 -20.093 -89.128
weapon_zm_pistol	559.334045 1502.896362 17.764372	-0.220 -21.804 -87.835
weapon_ttt_p228	875.308960 -1222.658936 18.170925	36.575 0.417 0.088
weapon_ttt_p228	878.476929 -1233.122925 18.172913	36.553 0.415 0.084
weapon_ttt_p228	880.845703 -1245.227051 18.161198	36.679 0.428 0.108
item_ammo_pistol_ttt	1375.539307 1709.871826 17.031500	2.900 3.970 -6.805
item_ammo_pistol_ttt	1390.775024 1761.709839 14.748800	-86.635 95.415 38.901
item_ammo_pistol_ttt	1351.653320 1724.907593 17.275299	8.020 0.608 -5.456
item_ammo_pistol_ttt	815.768677 41.816700 58.490799	-0.347 1.516 -0.164
item_ammo_pistol_ttt	799.664978 42.069401 58.459202	0.261 1.041 -0.172
item_ammo_pistol_ttt	738.406799 117.245796 58.457802	0.916 0.866 0.037
item_ammo_pistol_ttt	785.203186 82.901703 184.390305	-0.095 -0.020 -0.029
item_ammo_pistol_ttt	393.886414 -1513.128662 17.785999	-0.988 -0.144 -0.826
item_ammo_pistol_ttt	551.960205 -1481.268677 14.317600	-0.158 -0.017 -0.047
item_ammo_pistol_ttt	1328.859985 -196.315506 18.210600	-2.668 0.263 0.792
item_ammo_pistol_ttt	1406.688110 308.319092 33.270401	-0.098 -0.020 -0.030
item_ammo_pistol_ttt	1355.051636 360.316101 33.259998	0.025 0.031 0.003
item_ammo_pistol_ttt	1484.375000 -279.999695 14.817300	1.101 -0.122 0.752
item_ammo_pistol_ttt	1563.202881 -115.011703 15.085900	1.156 -0.091 -0.418
item_ammo_pistol_ttt	-76.505402 2166.037598 14.410400	0.251 -0.066 0.399
item_ammo_pistol_ttt	-40.345001 2195.351074 14.451600	0.141 -0.119 0.108
item_ammo_pistol_ttt	590.074585 1554.093872 48.380100	-0.104 -0.020 -0.031
item_ammo_pistol_ttt	596.290710 1608.151611 48.340599	-0.138 -0.019 -0.042
item_ammo_pistol_ttt	616.882813 1550.196167 48.408298	-0.079 -0.020 -0.024
item_ammo_pistol_ttt	688.390259 573.091003 -127.521927	0.416 6.979 0.000
item_ammo_pistol_ttt	-693.040466 571.518311 -127.582466	1.636 6.786 0.001
item_ammo_pistol_ttt	-764.786011 432.380524 308.455017	-0.881 1.335 -0.001
item_ammo_pistol_ttt	764.434631 -429.640106 308.461182	-0.756 1.333 -0.001
item_ammo_pistol_ttt	647.510864 -53.064236 568.380310	0.565 -0.643 -0.032
item_ammo_pistol_ttt	-641.907837 -52.166912 568.413574	0.439 -0.637 -0.042
item_ammo_pistol_ttt	29.541079 54.738422 -127.530434	-0.608 -0.913 0.240
item_ammo_pistol_ttt	-1071.314087 1572.086914 40.423756	1.514 5.933 -0.002
item_ammo_pistol_ttt	-1495.363281 1134.314575 1.430937	1.365 6.794 0.001
item_ammo_pistol_ttt	326.924988 -454.777710 16.448690	-0.266 0.551 -0.412
item_ammo_pistol_ttt	312.458099 -454.746246 16.473074	-0.362 0.479 -0.284
item_ammo_pistol_ttt	298.819244 -454.735352 16.469944	-0.303 0.545 -0.285
item_ammo_pistol_ttt	282.674744 -454.766815 16.451334	-0.404 0.633 -0.439
item_ammo_pistol_ttt	267.178497 -454.803284 16.454260	-0.847 0.651 -0.564
item_ammo_pistol_ttt	348.854736 454.267303 176.428040	-0.259 0.636 -0.544
item_ammo_pistol_ttt	361.548431 454.296539 176.425598	-0.280 0.496 -0.567
item_ammo_pistol_ttt	376.690948 454.156830 176.472931	-0.143 0.877 -0.214
item_ammo_pistol_ttt	394.327850 454.276886 176.442337	-0.235 0.716 -0.443
item_ammo_pistol_ttt	764.110046 348.632202 308.335754	-0.142 -0.019 -0.043
item_ammo_pistol_ttt	765.513489 321.473846 308.390350	-0.095 -0.020 -0.029
item_ammo_pistol_ttt	764.135986 286.537231 308.480835	0.537 -1.409 0.252
item_ammo_pistol_ttt	765.574341 263.525391 308.381836	-0.102 -0.020 -0.031
item_ammo_pistol_ttt	358.328186 -1351.808472 18.347610	-0.132 -0.019 -0.040
item_ammo_pistol_ttt	339.139709 -1352.559204 18.409674	-0.078 -0.020 -0.024
item_ammo_pistol_ttt	315.746765 -1351.313843 18.354307	-0.126 -0.019 -0.038
item_ammo_pistol_ttt	292.459015 -1351.908569 18.354307	-0.126 -0.019 -0.038
item_ammo_pistol_ttt	267.981750 -1349.769043 18.330751	-0.147 -0.018 -0.044
item_ammo_pistol_ttt	277.156403 -881.997559 18.411009	-0.077 -0.020 -0.023
item_ammo_pistol_ttt	290.798462 -880.725037 18.328194	-0.149 -0.018 -0.045
item_ammo_pistol_ttt	304.983643 -880.388367 18.320286	-0.156 -0.017 -0.047
item_ammo_pistol_ttt	320.467987 -881.258301 18.364817	-0.117 -0.019 -0.035
item_ammo_pistol_ttt	338.236481 -884.436707 18.420994	-0.068 -0.020 -0.021
item_ammo_pistol_ttt	469.139221 -879.800598 18.406942	-0.080 -0.020 -0.024
item_ammo_pistol_ttt	485.243256 -878.579773 18.356474	-0.124 -0.019 -0.038
item_ammo_pistol_ttt	501.901764 -877.230469 18.335752	-0.142 -0.019 -0.043
item_ammo_pistol_ttt	522.340515 -877.626953 18.338196	-0.140 -0.019 -0.043
item_ammo_pistol_ttt	545.384705 -877.578064 18.345310	-0.134 -0.019 -0.041
item_ammo_pistol_ttt	895.046021 -1006.286804 18.458065	0.549 0.051 0.102
item_ammo_pistol_ttt	898.169617 -1039.567993 18.458494	0.989 0.018 0.318
item_ammo_pistol_ttt	894.567017 -1069.837524 18.413647	0.248 -0.340 0.252
item_ammo_pistol_ttt	890.300781 -1102.324219 18.320286	-0.156 -0.017 -0.047
item_ammo_pistol_ttt	896.377625 -1215.978882 18.338196	-0.140 -0.019 -0.043
item_ammo_pistol_ttt	896.575745 -1245.173828 18.354309	-0.126 -0.019 -0.038
item_ammo_pistol_ttt	895.572876 -1276.424072 18.376423	-0.107 -0.019 -0.032
item_ammo_pistol_ttt	-424.894348 1510.201294 17.438643	-0.627 0.533 -0.586
item_ammo_pistol_ttt	-413.398743 1510.161499 17.479597	-0.137 0.755 -0.169
item_ammo_pistol_ttt	-401.046021 1510.192261 17.437347	-0.367 0.800 -0.518
item_ammo_pistol_ttt	-390.364197 1510.318848 17.435862	-0.219 0.481 -0.480
item_ammo_pistol_ttt	-378.537506 1510.237549 17.449478	-0.243 0.709 -0.399
item_ammo_pistol_ttt	-365.059570 1510.192505 17.442163	-0.327 0.841 -0.474
item_ammo_pistol_ttt	-175.594437 2006.225342 224.463181	-0.329 0.478 -0.332
item_ammo_pistol_ttt	-162.080582 2006.217285 224.445862	-0.244 0.719 -0.423
item_ammo_pistol_ttt	-147.459625 2006.251099 224.442993	-0.273 0.677 -0.451
item_ammo_pistol_ttt	-132.215210 2006.319336 224.428482	-0.234 0.467 -0.533
item_ammo_pistol_ttt	-113.141418 2006.271484 224.429398	-0.444 0.428 -0.595
item_ammo_pistol_ttt	-92.843925 2006.238037 224.453766	-0.291 0.609 -0.387
item_ammo_pistol_ttt	-274.685791 489.214325 16.456657	-0.615 0.612 -0.473
item_ammo_pistol_ttt	-285.831665 489.230347 16.473816	-0.815 0.612 -0.426
item_ammo_pistol_ttt	-299.822662 489.203644 16.431887	-0.378 0.659 -0.557
item_ammo_pistol_ttt	-313.218994 489.216156 16.477856	-0.872 0.451 -0.418
item_ammo_pistol_ttt	-327.493164 489.196106 16.485764	-1.353 0.501 -0.522
item_ammo_pistol_ttt	-342.922424 489.233826 16.495386	-0.953 0.278 -0.330
item_ammo_pistol_ttt	-1303.844971 -1359.180054 216.441559	0.088 -2.620 -0.021
item_ammo_pistol_ttt	-1305.958374 -1335.143921 216.437241	0.677 -0.802 0.206
item_ammo_pistol_ttt	-1306.634155 -1308.889282 216.456879	0.402 -0.368 -0.058
item_ammo_pistol_ttt	-1304.428467 -1275.772827 216.458054	0.624 -0.178 0.079
item_ammo_pistol_ttt	-1025.799438 310.849701 176.443863	0.204 -0.362 -0.291
item_ammo_pistol_ttt	-1020.039795 329.166199 176.465118	-0.323 0.673 -0.323
item_ammo_pistol_ttt	-1025.722778 359.584351 176.455048	-0.255 -0.171 -0.367
item_ammo_pistol_ttt	-1025.773315 388.809509 176.439240	0.452 -0.148 -0.241
item_ammo_pistol_ttt	-1025.782837 419.152863 176.458405	0.069 -0.241 -0.240
item_ammo_pistol_ttt	-824.379150 116.596085 176.449295	-0.417 0.491 -0.457
item_ammo_pistol_ttt	-824.386597 88.885384 176.468964	-0.331 0.500 -0.289
item_ammo_pistol_ttt	-830.491699 70.657799 176.456711	-0.140 0.467 -0.319
item_ammo_pistol_ttt	-824.368896 33.686745 176.446915	-0.423 0.474 -0.474
item_ammo_pistol_ttt	-481.372162 1876.381592 -63.555096	1.582 0.155 0.162
item_ammo_pistol_ttt	-481.327148 1849.477173 -63.536404	-0.394 0.170 -0.350
item_ammo_pistol_ttt	-481.407898 1819.660156 -63.563488	1.850 0.272 0.194
item_ammo_pistol_ttt	-481.393951 1793.390991 -63.552326	-0.547 0.527 -0.499
item_ammo_pistol_ttt	344.705933 1740.246094 -63.546734	-0.352 0.152 -0.407
item_ammo_pistol_ttt	344.683655 1719.721924 -63.547386	-0.380 0.253 -0.411
item_ammo_pistol_ttt	344.723328 1696.963745 -63.522934	-0.083 0.647 -0.168
item_ammo_pistol_ttt	344.686096 1668.304688 -63.548141	-0.276 0.805 -0.394
item_ammo_pistol_ttt	344.733795 1777.919800 80.446724	-0.427 0.136 -0.463
item_ammo_pistol_ttt	344.670868 1752.097046 80.455376	-0.327 0.259 -0.388
item_ammo_pistol_ttt	344.687592 1717.284058 80.443611	-0.961 0.163 -0.648
item_ammo_pistol_ttt	344.772339 1685.715698 80.435287	-0.217 0.232 -0.344
weapon_ttt_confgrenade	529.198181 -337.091400 177.937302	29.798 42.998 109.332
weapon_ttt_confgrenade	628.484985 38.659500 597.221375	1.688 0.231 1.465
weapon_ttt_confgrenade	-171.155594 -42.307701 303.713806	73.764 20.818 15.019
weapon_ttt_confgrenade	-125.566200 1531.889526 296.206696	-0.194 -0.358 2.539
weapon_ttt_confgrenade	-170.293900 1530.929688 279.537811	1.329 0.138 -0.339
weapon_ttt_confgrenade	-602.566528 1881.443604 121.524399	0.510 0.610 1.411
weapon_ttt_confgrenade	-601.982422 1940.072632 121.565399	0.491 -0.632 -1.334
weapon_ttt_confgrenade	-434.462097 1836.801636 -58.345798	2.450 73.136 49.949
weapon_ttt_confgrenade	-1234.742432 -1002.368103 27.208300	-13.930 47.081 92.635
weapon_ttt_confgrenade	-116.137001 -469.795105 1224.548218	1.472 0.227 -0.617
weapon_ttt_confgrenade	-48.300598 -481.912598 1224.494751	2.248 0.179 -0.942
weapon_ttt_confgrenade	-49.488300 -631.883118 1224.538574	1.612 0.225 -0.675
weapon_ttt_confgrenade	10.194200 -674.830017 1224.522461	1.847 0.220 -0.774
weapon_ttt_confgrenade	-157.044907 -568.422424 1224.510376	2.022 0.259 -0.848
weapon_ttt_m16	776.030396 34.259499 189.948303	-39.259 12.792 91.305
weapon_ttt_m16	590.375977 1583.270630 49.169399	2.149 4.895 84.376
weapon_ttt_m16	-616.012817 100.710884 511.763672	26.854 0.219 -88.812
weapon_ttt_m16	728.500183 111.496223 471.725830	25.140 -18.912 77.244
weapon_ttt_m16	-24.290506 51.432697 -126.910240	-0.029 18.942 -82.325
weapon_ttt_m16	15.072521 1549.712158 224.999954	2.330 -8.227 85.699
weapon_ttt_m16	287.046021 -912.748352 18.853426	2.255 -5.796 84.007
weapon_ttt_m16	324.675934 -912.866089 18.858511	2.190 -5.786 83.956
item_ammo_357_ttt	569.088379 455.634094 308.371490	0.459 0.059 0.039
item_ammo_357_ttt	592.055908 433.698608 308.330414	0.451 0.070 0.055
item_ammo_357_ttt	651.445984 471.394287 308.367615	0.414 0.161 0.023
item_ammo_357_ttt	521.715820 1647.153564 224.368896	0.468 0.059 0.037
item_ammo_357_ttt	480.223785 1628.304199 224.354095	0.466 0.062 0.042
item_ammo_357_ttt	461.397186 1568.213135 224.341095	0.465 0.067 0.047
item_ammo_357_ttt	-298.974213 452.437012 258.219604	0.605 0.056 -0.143
item_ammo_357_ttt	-283.042999 445.487610 258.190308	0.683 -0.003 -0.153
item_ammo_357_ttt	-269.173615 443.376312 258.143188	0.732 0.051 -0.152
item_ammo_357_ttt	-918.839600 -191.916901 176.423904	-0.435 -148.246 0.000
item_ammo_357_ttt	-924.422913 -258.135406 264.437500	0.363 -0.336 -0.377
item_ammo_357_ttt	-935.028503 -257.663086 176.431503	1.258 2.018 -0.008
item_ammo_357_ttt	-526.967651 293.454193 83.008545	2.279 -44.916 -0.583
item_ammo_357_ttt	-529.282593 280.494507 83.027214	1.451 -4.500 -0.086
item_ammo_357_ttt	-258.225159 -73.763870 209.981979	0.442 0.931 -0.300
item_ammo_357_ttt	523.415039 256.095367 83.035927	-0.288 -0.608 0.003
item_ammo_357_ttt	-656.953308 36.976303 58.436596	0.503 0.164 0.038
item_ammo_357_ttt	-318.913605 1946.053711 114.363472	1.017 0.112 0.731
item_ammo_357_ttt	771.954285 356.164703 19.370005	89.815 6.185 -0.001
item_ammo_357_ttt	747.977112 241.012741 19.317522	89.506 -171.900 51.850
item_ammo_357_ttt	-860.611816 330.384857 176.367569	0.386 -0.061 -0.209
item_ammo_357_ttt	-917.673462 367.105103 176.413956	0.528 0.315 -0.194
item_ammo_357_ttt	626.454956 439.320831 308.424744	-0.056 -0.148 -0.258
item_ammo_357_ttt	-627.635864 -450.341156 308.404755	0.744 -0.258 0.489
item_ammo_357_ttt	611.791321 -532.373901 308.317169	0.448 0.075 0.060
item_ammo_357_ttt	622.484863 -531.715820 308.355377	0.456 0.062 0.045
item_ammo_357_ttt	637.550171 -530.985962 308.381409	0.461 0.058 0.035
item_ammo_357_ttt	651.965088 -531.926086 308.393860	0.463 0.057 0.030
item_ammo_357_ttt	-629.607666 -527.665771 308.389099	0.462 0.057 0.032
item_ammo_357_ttt	-652.275391 -527.352478 308.410278	0.466 0.056 0.024
item_ammo_357_ttt	-641.090820 -526.747864 308.328308	0.450 0.070 0.056
item_ammo_357_ttt	-615.379517 -527.112244 308.362122	0.457 0.060 0.043
item_ammo_357_ttt	-601.221924 -527.260315 308.326141	0.450 0.070 0.057
item_ammo_357_ttt	650.491760 535.828796 308.344482	0.454 0.064 0.049
item_ammo_357_ttt	636.340576 534.294189 308.358795	0.456 0.062 0.044
item_ammo_357_ttt	625.206238 535.239624 308.342560	0.453 0.064 0.050
item_ammo_357_ttt	611.984863 532.534790 308.380066	0.460 0.058 0.035
item_ammo_357_ttt	601.259521 533.742126 308.357117	0.456 0.062 0.044
item_ammo_357_ttt	-606.914001 536.982422 308.319458	0.449 0.075 0.059
item_ammo_357_ttt	-621.503296 535.519653 308.362122	0.457 0.060 0.043
item_ammo_357_ttt	-635.927307 536.914307 308.353638	0.455 0.062 0.046
item_ammo_357_ttt	-649.807068 538.148682 308.401550	0.464 0.056 0.027
item_ammo_357_ttt	-213.721054 1542.065063 224.392258	-0.126 -0.885 0.352
item_ammo_357_ttt	-228.479813 1542.085938 224.421478	0.563 -0.319 -0.745
item_ammo_357_ttt	-240.314911 1541.911011 224.447784	1.102 -0.392 -0.760
item_ammo_357_ttt	-251.524414 1541.868774 224.446869	0.979 -0.301 -0.685
item_ammo_357_ttt	-114.868637 1542.007935 224.416656	0.869 -0.336 -1.031
item_ammo_357_ttt	-130.597382 1542.058716 224.444748	0.365 -0.470 0.120
item_ammo_357_ttt	-142.922104 1542.461304 224.450714	0.881 2.847 -0.009
item_ammo_357_ttt	-1088.249756 -1151.208862 280.460693	0.676 -0.358 0.242
item_ammo_357_ttt	-1088.969360 -1167.699951 280.454865	0.475 0.257 0.006
item_ammo_357_ttt	-1089.213379 -1183.752930 280.410156	0.460 -1.601 0.016
item_ammo_357_ttt	-1089.609253 -1204.157715 280.369995	0.458 0.059 0.039
item_ammo_357_ttt	1026.874268 1623.002319 252.691772	1.345 -0.045 -1.245
item_ammo_357_ttt	1007.223145 1619.441284 252.622803	0.906 0.092 -0.004
item_ammo_357_ttt	986.408020 1623.532715 252.697311	1.124 -0.386 -1.007
item_ammo_357_ttt	968.437195 1629.763672 252.727875	1.682 -0.352 -0.976
item_ammo_357_ttt	956.009399 1637.885376 252.715485	1.462 -0.234 -0.993
item_ammo_357_ttt	943.237488 1646.984009 252.734695	0.446 3.913 -0.000
item_ammo_357_ttt	934.951538 1658.103149 252.687271	0.746 -0.306 -0.879
item_ammo_357_ttt	-1561.730225 1601.570923 14.334224	0.964 0.418 -0.031
item_ammo_357_ttt	-1561.436768 1623.018433 14.411720	1.665 0.280 -0.016
item_ammo_357_ttt	-1561.422241 1651.254272 14.419395	1.513 0.293 -0.016
item_ammo_357_ttt	-1561.504150 1684.945923 14.433668	0.116 -0.337 0.501
item_ammo_357_ttt	-1561.434937 1714.440308 14.448071	0.928 0.310 -0.007
item_ammo_357_ttt	-236.779739 433.173187 176.379028	0.469 0.058 0.033
item_ammo_357_ttt	-237.812927 412.974670 176.401794	0.471 0.056 0.025
item_ammo_357_ttt	-233.646774 391.051849 176.330963	0.464 0.070 0.051
item_ammo_357_ttt	-239.569016 164.573547 176.341095	0.465 0.067 0.047
item_ammo_357_ttt	-245.247421 138.599579 176.335098	0.464 0.067 0.049
item_ammo_357_ttt	-245.441513 117.127289 176.365723	0.467 0.060 0.038
item_ammo_357_ttt	692.424622 -81.202118 487.579773	23.628 -24.993 -9.926
item_ammo_357_ttt	706.773621 -77.599976 480.961090	22.774 -22.654 -9.261
item_ammo_357_ttt	679.081604 -82.807045 493.656555	23.618 -24.991 -9.928
item_ammo_357_ttt	-681.068420 95.846786 492.776489	-23.701 -17.200 7.159
item_ammo_357_ttt	-694.714783 93.854362 486.547089	-23.521 -16.406 6.458
item_ammo_357_ttt	-713.515808 91.659882 477.923767	-22.869 18.798 -7.938
item_ammo_357_ttt	-681.698730 126.985703 492.454346	-23.731 -16.186 6.248
item_ammo_357_ttt	-696.247253 125.528694 485.819183	-23.863 -15.851 6.051
item_ammo_357_ttt	-713.135742 125.167931 478.157318	-23.527 -16.404 6.452
item_ammo_357_ttt	-686.611877 -243.903229 490.222534	-23.681 -16.176 6.277
item_ammo_357_ttt	-705.821838 -242.619736 481.481781	-23.596 -16.410 6.416
item_ammo_357_ttt	-720.442444 -241.873093 474.805145	-23.779 -16.253 6.238
item_ammo_357_ttt	-690.357361 -271.503113 488.550568	-23.339 -16.419 6.580
item_ammo_357_ttt	-705.282104 -276.074646 481.744873	-23.800 -16.067 6.621
item_ammo_357_ttt	-721.328857 -276.997070 474.435028	-23.447 -16.413 6.507
item_ammo_357_ttt	561.994568 238.325043 485.947754	-23.665 -16.324 6.337
item_ammo_357_ttt	545.961731 238.324524 478.658051	-23.554 -16.399 6.434
item_ammo_357_ttt	525.611267 236.684998 469.412415	-23.353 -16.418 6.571
item_ammo_357_ttt	559.087891 201.650391 484.637878	-23.527 -16.406 6.453
item_ammo_357_ttt	538.886780 202.357712 475.463593	-23.296 -16.417 6.607
item_ammo_357_ttt	519.882202 198.884064 466.787201	-23.508 -16.411 6.467
item_ammo_357_ttt	680.851257 -115.394386 492.841187	23.745 -24.997 -9.901
item_ammo_357_ttt	699.482849 -113.280373 484.368073	23.597 -24.992 -9.933
item_ammo_357_ttt	715.954895 -110.385788 476.887451	23.320 -24.958 -9.981
weapon_zm_shotgun	755.163391 266.623505 17.438101	-0.996 179.942 92.464
weapon_zm_shotgun	-1524.831299 2143.420166 15.279800	-0.409 8.368 84.415
weapon_zm_shotgun	-626.144348 72.056877 231.179916	-0.489 4.373 -85.530
weapon_zm_shotgun	-645.754150 -103.099716 230.650711	-0.359 49.653 85.075
weapon_zm_shotgun	614.590210 -102.184143 230.663467	-0.659 24.416 84.749
weapon_zm_shotgun	618.142944 77.844940 232.407898	-7.363 -26.256 -85.372
weapon_zm_shotgun	448.741486 -32.205582 59.036987	-0.414 5.651 -83.948
weapon_zm_shotgun	-843.518311 -292.834320 176.965851	-0.390 5.685 -83.548
weapon_zm_shotgun	0.138570 318.748718 -126.898163	-0.612 4.307 -84.448
weapon_zm_shotgun	1211.531128 1733.831909 26.860180	-5.308 -9.359 -86.143
weapon_zm_shotgun	1323.176636 -1456.926147 68.694458	9.491 0.428 1.571
weapon_zm_shotgun	-1053.858643 1619.177612 40.939365	-0.421 4.422 -83.741
weapon_zm_shotgun	-576.033203 1957.720581 224.518646	-0.149 1.255 83.627
weapon_zm_shotgun	-587.260315 1621.645996 81.087524	-0.433 -9.037 -84.049
weapon_zm_shotgun	257.244049 1909.286987 80.623634	-0.456 9.556 84.369
weapon_zm_shotgun	-544.531189 1940.052490 -62.914261	-0.432 -8.963 -84.032
weapon_zm_shotgun	273.260834 370.819397 177.020706	-0.498 5.755 -83.907
weapon_zm_shotgun	-330.902710 -286.198547 176.971756	-0.511 5.767 -83.607
weapon_zm_shotgun	-263.958832 -247.897446 173.774139	9.447 0.445 1.319
weapon_zm_shotgun	-410.175995 -242.616882 176.570435	-0.420 9.041 83.864
weapon_zm_shotgun	743.546570 -117.352036 59.087662	-0.432 5.781 -84.343
weapon_zm_shotgun	1383.530518 -1450.646118 71.934113	-0.384 3.459 -83.679
weapon_zm_shotgun	795.125000 -1087.847290 -141.454163	-0.251 10.433 84.787
weapon_zm_shotgun	764.184631 -1162.763794 -140.876526	-0.448 -35.433 -84.387
weapon_zm_shotgun	-1118.898926 -1338.250732 153.101624	-0.446 -9.266 -84.181
weapon_zm_shotgun	-102.993004 1661.400879 -133.945770	-0.456 2.514 -84.230
weapon_zm_shotgun	588.477173 1595.610352 45.755077	9.494 0.331 1.002
weapon_zm_shotgun	-325.691376 1570.245361 -63.483624	-0.391 8.566 83.352
weapon_zm_shotgun	-412.782410 1944.931152 80.974922	-0.388 5.669 -83.538
weapon_zm_shotgun	30.959772 -36.707458 -127.385689	-0.375 8.909 84.315
weapon_zm_shotgun	-35.350418 -37.341305 -127.406677	-0.338 8.561 84.080
weapon_zm_shotgun	-568.665771 1584.942871 81.168327	-0.506 -3.739 -84.859
weapon_zm_sledge	231.696198 1616.475220 -19.392099	19.368 0.477 3.063
weapon_zm_sledge	-1438.975708 646.283386 18.419300	16.378 2.655 2.086
weapon_zm_revolver	397.956604 1738.064331 95.378502	2.054 -21.389 -85.809
weapon_zm_revolver	18.805799 88.445702 20.537001	8.092 -26.286 -86.017
weapon_zm_revolver	785.052002 -1234.290161 -140.057404	2.643 -21.563 -84.008
weapon_zm_revolver	1351.903931 -1361.183350 173.170700	-12.047 -36.606 -103.563
weapon_zm_revolver	-348.924011 -371.397491 390.611206	27.228 -7.148 -86.700
weapon_zm_revolver	-1086.232422 -1191.643433 89.915398	2.545 -20.530 -83.637
weapon_zm_revolver	-1342.194214 340.484314 34.754700	2.186 -18.905 -84.033
weapon_zm_revolver	-1060.576050 729.387817 68.344299	4.463 -24.724 -83.344
weapon_zm_revolver	-687.176575 729.128784 22.034201	2.568 -20.437 -84.579
weapon_zm_revolver	10.739100 1892.081909 225.847198	2.138 -18.868 -83.777
weapon_zm_revolver	310.569580 -381.378418 198.699463	2.454 -19.147 -85.180
weapon_zm_revolver	313.124268 -360.165588 198.672318	2.153 -19.784 -86.160
weapon_zm_revolver	-362.512878 1561.305908 -62.941086	1.952 31.712 86.017
weapon_zm_revolver	-381.867859 1560.424438 -63.150093	2.233 -25.221 -84.068
weapon_zm_revolver	-754.138000 134.904114 85.050888	1.203 31.464 87.187
weapon_zm_revolver	-693.634094 25.159576 85.062286	2.276 31.419 85.509
weapon_zm_revolver	-750.075317 -126.840973 21.016932	2.557 32.182 84.681
weapon_zm_revolver	-659.406006 -25.394083 84.969917	1.458 -20.308 -86.739
weapon_zm_revolver	-593.747009 -37.837387 20.831541	2.660 -21.447 -83.706
weapon_zm_revolver	-494.936981 -127.249649 20.895145	2.226 -24.008 -84.765
weapon_zm_revolver	-537.352051 126.489555 20.970751	2.118 -26.219 -85.589
weapon_zm_revolver	-586.082581 23.988522 84.879944	18.283 -13.771 -55.030
weapon_zm_revolver	526.288208 135.029129 85.056740	1.747 28.562 86.337
weapon_zm_revolver	564.026001 24.623959 84.970184	1.648 -21.076 -86.408
weapon_zm_revolver	468.101685 -25.554083 84.888054	2.214 -25.708 -84.517
weapon_zm_revolver	510.001495 -128.853394 20.817585	2.182 -23.817 -84.109
weapon_zm_revolver	542.045532 -128.294449 21.058559	1.919 32.756 86.068
weapon_zm_revolver	757.487366 -135.696976 84.823914	2.786 -22.732 -83.684
weapon_zm_revolver	790.609680 -32.000160 20.970606	1.988 -26.551 -85.815
weapon_zm_revolver	751.601990 126.798958 20.970488	1.885 -26.295 -85.996
weapon_zm_revolver	689.268799 24.779089 84.826828	2.362 -22.497 -83.715
weapon_zm_revolver	908.136047 219.864761 176.875610	2.244 -23.455 -84.500
weapon_zm_revolver	931.928406 227.194366 176.970139	1.614 -26.902 -86.467
weapon_zm_revolver	-680.483521 -389.284943 222.931976	2.404 -31.683 -84.928
weapon_zm_revolver	-662.924500 -387.263855 222.844360	2.164 -25.640 -84.128
weapon_zm_revolver	312.309082 -35.750381 16.970490	1.890 -19.155 -85.986
weapon_zm_revolver	338.627045 -38.468361 16.970081	1.555 -19.245 -86.568
weapon_zm_revolver	368.855103 -41.013340 16.970362	1.787 -19.185 -86.165
weapon_zm_revolver	135.757278 1415.519409 17.970697	2.070 -18.698 -85.673
weapon_zm_revolver	161.028305 1415.163208 17.970594	1.979 -18.746 -85.831
weapon_zm_revolver	185.030518 1415.419312 17.970665	2.041 -18.713 -85.723
weapon_zm_revolver	221.330978 1419.962646 17.970747	2.115 -18.682 -85.595
weapon_zm_revolver	207.507721 1416.923340 17.970606	1.988 -18.745 -85.816
weapon_ttt_aug	1373.897705 1756.509521 13.304200	-6.796 -112.430 -82.209
weapon_ttt_aug	-104.317596 2195.343506 15.427100	-1.106 -8.391 -83.252
weapon_ttt_aug	727.094055 -1321.259399 18.535645	0.202 9.614 87.049
weapon_ttt_aug	677.182434 -1320.361572 18.529577	0.215 9.614 87.042
weapon_ttt_aug	-833.151611 522.808472 16.509012	0.258 9.614 87.019
weapon_ttt_aug	-885.696472 522.859375 16.555393	0.161 9.613 87.071
weapon_ttt_aug	2.893293 1966.884033 -63.511223	0.300 9.612 86.997
weapon_ttt_aug	40.316044 1969.491943 -63.487297	0.250 9.614 87.024
weapon_ttt_aug	-58.525604 1754.859253 80.527336	0.071 9.783 86.656
weapon_ttt_aug	-22.468342 1752.108276 80.457893	0.162 9.921 86.514
weapon_ttt_aug	8.005392 1762.983643 80.557228	0.051 9.781 86.798
weapon_ttt_aug	503.704285 535.947998 16.501284	0.274 9.613 87.011
weapon_ttt_aug	449.865234 529.875793 16.542730	0.188 9.613 87.057
weapon_ttt_aug	391.477539 532.976318 16.516285	0.242 9.614 87.027
weapon_ttt_sg552	485.195007 -907.405151 19.026781	2.614 2.565 -85.182
weapon_ttt_sg552	525.108215 -904.467834 19.030907	2.529 2.588 -85.077
weapon_ttt_sg552	-414.605286 1476.044312 18.033585	2.473 2.596 -85.010
weapon_ttt_sg552	-377.007629 1478.617554 18.037617	2.390 2.604 -84.908
weapon_ttt_sg552	-166.352234 1971.203491 225.046219	2.212 1.183 -84.690
weapon_ttt_sg552	-107.870255 1975.602295 225.046997	2.195 1.186 -84.670
weapon_ttt_sg552	-1276.184326 -1349.759644 217.665558	1.358 17.956 -88.813
weapon_ttt_sg552	-1281.966919 -1318.215820 216.953415	-0.758 22.692 -66.007
weapon_ttt_sg552	-1279.107300 -1286.902710 217.718903	1.348 19.017 -89.277
weapon_ttt_sg552	-987.057068 316.142212 177.049698	2.139 1.195 -84.601
weapon_ttt_sg552	-989.588562 351.986237 177.047287	2.189 1.187 -84.663
weapon_ttt_sg552	-990.009216 397.260406 177.045197	2.233 1.179 -84.716
weapon_ttt_sg552	320.524414 1733.187256 -62.960766	2.356 2.608 -84.867
weapon_ttt_sg552	320.727173 1703.896484 -62.969917	2.546 2.585 -85.098
weapon_ttt_sg552	318.629486 1671.909668 -62.972450	2.598 2.572 -85.162
