# Trouble in Terrorist Town weapon/ammo placement overrides
# For map: ttt_lost_temple_v2
# Exported by: General Butthurt
setting:	replacespawns 0
weapon_ttt_dual_elites	2198.578857 1375.645752 -1402.030151	1.924 0.152 -0.056
weapon_ttt_dual_elites	2196.028076 1427.633423 -1402.047974	1.942 0.156 -0.051
weapon_ttt_smokegrenade	242.813004 468.811005 -1371.270020	0.000 316.500 0.000
weapon_ttt_smokegrenade	233.679001 466.450012 -1371.270020	0.000 17.500 112.000
weapon_ttt_smokegrenade	227.669006 452.852997 -1369.270020	0.000 263.000 -79.500
weapon_ttt_smokegrenade	2536.739990 -279.931000 -1355.270020	0.000 0.000 0.000
weapon_ttt_smokegrenade	2532.800049 -295.188995 -1355.270020	0.000 0.000 0.000
weapon_ttt_smokegrenade	2530.229980 -284.473999 -1355.270020	0.000 0.000 0.000
weapon_ttt_smokegrenade	1490.739990 2264.800049 -1414.270020	0.000 0.000 0.000
weapon_ttt_smokegrenade	1469.000000 2272.070068 -1414.270020	0.000 0.000 0.000
weapon_ttt_smokegrenade	1483.239990 2270.389893 -1414.270020	0.000 0.000 0.000
weapon_ttt_smokegrenade	3019.080078 -438.812012 -1396.270020	0.000 0.000 0.000
weapon_ttt_smokegrenade	383.203003 254.298004 -1406.469971	0.000 0.000 0.000
weapon_ttt_smokegrenade	3997.100098 41.000000 -1380.000000	0.000 0.000 0.000
weapon_ttt_smokegrenade	-420.056000 -2718.979980 -1384.719971	0.000 270.000 0.000
weapon_ttt_smokegrenade	-359.000000 -2706.100098 -1380.000000	0.000 270.000 0.000
weapon_ttt_mp5	119.788696 -524.839539 -1408.896973	0.248 7.165 -87.499
weapon_ttt_mp5	188.947113 -542.809204 -1408.582886	-8.965 -0.182 45.308
weapon_ttt_mp5	719.643555 -708.449280 -1628.886597	0.295 5.447 -88.006
weapon_ttt_mp5	1436.068237 1464.214722 -1418.903687	0.208 6.179 -87.152
weapon_ttt_mp5	1380.870361 1467.357178 -1418.903687	0.208 6.194 -87.152
weapon_ttt_mp5	1289.991211 2307.005371 -1418.903687	0.208 6.193 -87.152
weapon_ttt_mp5	1338.779419 2299.285156 -1418.903687	0.208 6.168 -87.152
weapon_ttt_mp5	-328.901978 1602.870483 -1402.543579	-7.396 0.828 -1.821
weapon_ttt_mp5	-292.958069 1589.449829 -1402.543579	-7.396 0.827 -1.821
weapon_ttt_mp5	1594.311768 -923.836426 -1402.484253	-7.577 2.474 -10.908
weapon_ttt_mp5	1594.470093 -890.269165 -1402.517822	-7.523 0.805 -1.556
weapon_ttt_mp5	1595.268066 -855.713135 -1402.548218	-7.372 0.741 -1.870
weapon_ttt_mp5	903.190125 -2664.094727 -1418.903687	0.208 6.193 -87.152
weapon_ttt_mp5	905.683228 -2700.986084 -1418.908325	0.372 0.538 -87.354
weapon_ttt_mp5	-44.975040 -2747.343018 -1402.564697	-7.290 0.919 -2.040
weapon_ttt_mp5	183.247040 -251.122589 -1415.952148	-4.128 4.734 -87.039
weapon_ttt_mp5	183.016342 -287.319427 -1414.326904	-4.649 2.862 -93.193
weapon_ttt_mp5	181.370407 -319.094208 -1415.527222	-4.290 -1.202 81.661
item_ammo_revolver_ttt	87.195602 -947.835999 -1401.410034	0.000 122.000 0.000
item_ammo_revolver_ttt	73.195602 -957.835999 -1401.410034	0.000 160.500 0.000
item_ammo_revolver_ttt	88.195602 -958.835999 -1401.410034	0.000 89.500 0.000
item_ammo_revolver_ttt	59.000000 -967.000000 -1402.000000	0.000 151.500 0.000
item_ammo_revolver_ttt	427.908997 259.834015 -1369.719971	0.000 306.000 0.000
item_ammo_revolver_ttt	433.809998 251.544998 -1369.439941	0.000 306.000 0.000
item_ammo_revolver_ttt	668.070007 -3096.909912 -1410.719971	0.000 235.500 0.000
item_ammo_revolver_ttt	677.000000 -3086.000000 -1411.000000	0.000 343.500 0.000
item_ammo_revolver_ttt	329.809998 221.834000 -1415.410034	0.000 282.000 0.000
item_ammo_revolver_ttt	349.809998 223.834000 -1416.010010	0.000 308.000 0.000
item_ammo_revolver_ttt	361.000000 236.000000 -1414.000000	0.000 327.000 0.000
item_ammo_revolver_ttt	715.195984 -1952.390015 -1353.719971	0.000 22.000 0.000
item_ammo_revolver_ttt	730.994995 -1944.030029 -1353.719971	0.000 226.500 0.000
item_ammo_revolver_ttt	729.468018 -1959.839966 -1353.719971	0.000 305.500 0.000
item_ammo_revolver_ttt	748.195984 -1948.390015 -1353.719971	0.000 353.000 0.000
item_ammo_revolver_ttt	2502.000000 -303.000000 -1359.719971	0.000 136.000 0.000
item_ammo_revolver_ttt	2499.000000 -318.000000 -1359.719971	0.000 169.500 0.000
item_ammo_revolver_ttt	2512.000000 -315.000000 -1359.719971	0.000 164.500 0.000
item_ammo_revolver_ttt	2512.199951 -238.835999 -1359.719971	0.000 197.000 0.000
item_ammo_revolver_ttt	2524.199951 -232.835999 -1359.719971	0.000 150.500 0.000
item_ammo_revolver_ttt	2536.199951 -240.835999 -1359.719971	0.000 188.500 0.000
item_ammo_revolver_ttt	960.361023 1627.599976 -1371.719971	0.000 0.000 0.000
item_ammo_revolver_ttt	960.992981 1653.829956 -1371.719971	0.000 322.000 0.000
item_ammo_revolver_ttt	1013.000000 2282.909912 -1371.719971	0.000 36.000 0.000
item_ammo_revolver_ttt	980.000000 2277.909912 -1371.719971	0.000 255.500 0.000
item_ammo_revolver_ttt	979.140015 2305.550049 -1371.719971	0.000 0.000 0.000
item_ammo_revolver_ttt	990.000000 2309.909912 -1371.719971	0.000 345.000 0.000
item_ammo_revolver_ttt	1445.300049 2293.159912 -1387.719971	0.000 24.500 0.000
item_ammo_revolver_ttt	1447.000000 2310.909912 -1387.719971	0.000 162.500 0.000
item_ammo_revolver_ttt	439.000000 738.000000 -1370.719971	0.000 0.000 0.000
item_ammo_revolver_ttt	452.209015 726.606018 -1370.719971	0.000 36.500 0.000
item_ammo_revolver_ttt	471.000000 727.000000 -1370.719971	0.000 45.500 0.000
item_ammo_revolver_ttt	-1110.000000 1448.489990 -1358.410034	0.000 97.500 0.000
item_ammo_revolver_ttt	-1102.000000 1437.489990 -1358.410034	0.000 330.000 0.000
item_ammo_revolver_ttt	-1101.310059 1420.160034 -1358.410034	0.000 55.000 0.000
item_ammo_revolver_ttt	-250.038101 457.053925 -1405.305176	5.956 -0.601 5.069
item_ammo_revolver_ttt	-247.962387 473.765808 -1403.408936	4.294 -0.590 2.501
item_ammo_revolver_ttt	-227.395889 477.943695 -1404.742065	13.698 1.615 2.953
item_ammo_revolver_ttt	-209.777496 478.790771 -1408.720093	13.776 3.030 3.605
item_ammo_revolver_ttt	946.757446 -1061.727051 -1629.637451	0.467 0.060 0.039
item_ammo_revolver_ttt	950.240662 -1091.193481 -1629.655029	0.465 0.064 0.046
item_ammo_revolver_ttt	945.471802 -1127.716797 -1629.675537	0.463 0.070 0.053
item_ammo_revolver_ttt	946.210693 -1150.774414 -1629.649536	0.466 0.064 0.044
item_ammo_revolver_ttt	925.788940 1891.115845 -1419.628662	0.458 0.056 0.040
item_ammo_revolver_ttt	929.164734 1911.767944 -1419.643066	0.455 0.059 0.046
item_ammo_revolver_ttt	936.421692 1926.708496 -1419.553955	1.630 0.047 -1.161
item_ammo_revolver_ttt	950.874329 1928.130005 -1419.596191	0.638 -0.144 -0.232
item_ammo_revolver_ttt	968.019348 1930.203003 -1419.567017	1.013 -0.301 -0.903
item_ammo_revolver_ttt	997.596924 1934.050415 -1419.556763	1.200 -0.385 -0.893
item_ammo_revolver_ttt	-1214.934937 1754.409668 -1401.619507	0.469 0.058 0.033
item_ammo_revolver_ttt	-1230.236816 1755.642822 -1401.654907	0.465 0.064 0.046
item_ammo_revolver_ttt	-1248.024170 1756.989258 -1401.645874	0.466 0.062 0.042
item_ammo_revolver_ttt	-1267.689331 1762.069336 -1401.640747	0.467 0.062 0.041
item_ammo_revolver_ttt	-1284.626831 1760.094727 -1401.684448	0.462 0.075 0.057
item_ammo_revolver_ttt	696.131653 -2763.675293 -1419.616089	0.460 0.054 0.035
item_ammo_revolver_ttt	676.973877 -2764.665039 -1419.650024	0.454 0.061 0.049
item_ammo_revolver_ttt	656.665100 -2765.333008 -1419.673950	0.449 0.067 0.058
item_ammo_revolver_ttt	628.561279 -2765.944092 -1419.659546	0.452 0.063 0.052
item_ammo_revolver_ttt	568.644226 -3287.474121 -1448.051392	6.143 0.672 4.257
item_ammo_revolver_ttt	545.121765 -3290.669922 -1446.212036	6.583 -0.097 1.469
ttt_random_weapon	-814.635620 8.783347 -1400.792969	1.771 5.715 -92.940
ttt_random_weapon	-809.081299 58.980087 -1400.829590	2.159 5.699 -92.141
ttt_random_weapon	-734.604309 12.679939 -1400.843750	2.309 5.660 -91.833
ttt_random_weapon	-728.074890 57.830170 -1400.764160	1.463 5.727 -93.572
ttt_random_weapon	-651.534668 12.339684 -1400.786621	1.703 5.717 -93.078
ttt_random_weapon	-642.753784 58.129944 -1400.803467	1.882 5.711 -92.711
ttt_random_weapon	-561.765503 17.188101 -1400.791748	1.757 5.715 -92.967
ttt_random_weapon	-559.901794 58.145123 -1400.798218	1.827 5.712 -92.824
ttt_random_weapon	1224.626831 -1436.559082 -1400.819702	2.054 5.699 -92.357
ttt_random_weapon	1224.255005 -1472.004883 -1400.777954	1.611 5.720 -93.268
ttt_random_weapon	1223.840942 -1511.986572 -1400.837036	2.238 5.677 -91.980
ttt_random_weapon	1223.388550 -1555.223877 -1400.801147	1.858 5.714 -92.761
ttt_random_weapon	1222.886230 -1603.242920 -1400.773315	1.561 5.723 -93.371
ttt_random_weapon	1222.485718 -1641.965088 -1400.837036	2.238 5.677 -91.980
weapon_ttt_pump_shotgun	169.424042 352.159760 -1416.502563	-0.485 -10.288 -89.816
weapon_ttt_pump_shotgun	169.093750 322.150787 -1416.564331	-0.491 -10.002 -88.867
weapon_ttt_pump_shotgun	1228.552734 -43.232510 -1400.504150	-0.477 -10.291 -89.944
weapon_ttt_pump_shotgun	410.987030 -189.527130 -1407.903687	-0.387 10.384 94.120
weapon_ttt_pump_shotgun	808.951721 -1121.162231 -1572.639771	-0.946 10.972 87.113
weapon_ttt_pump_shotgun	939.821167 -1208.274658 -1628.502808	-0.484 -10.289 -89.842
weapon_ttt_pump_shotgun	574.095459 1172.659668 -1418.636963	-0.257 -9.069 -88.168
weapon_ttt_pump_shotgun	618.268250 1166.550049 -1418.567749	-0.489 -9.560 -88.839
weapon_ttt_pump_shotgun	671.296631 1158.125366 -1418.524536	-0.503 -9.543 -89.186
weapon_ttt_pump_shotgun	1233.364258 2007.358643 -1418.475952	-0.518 -9.520 -89.576
weapon_ttt_pump_shotgun	1233.261108 2024.000977 -1418.563477	-0.491 -9.557 -88.873
weapon_ttt_pump_shotgun	1088.888794 2292.501709 -1418.563477	-0.491 -9.557 -88.873
weapon_ttt_pump_shotgun	1148.672729 2283.531006 -1418.454956	-0.524 -9.509 -89.745
weapon_ttt_pump_shotgun	-1065.337158 1787.385010 -1400.506104	-0.469 -10.294 -90.080
weapon_ttt_pump_shotgun	-1114.344116 1790.333984 -1400.502563	-0.485 -10.288 -89.822
weapon_ttt_pump_shotgun	-1164.777832 1790.551880 -1400.504150	-0.477 -10.291 -89.944
weapon_ttt_pump_shotgun	912.149414 -2513.189941 -1418.535522	-0.499 -9.546 -89.097
weapon_ttt_pump_shotgun	909.689453 -2529.554932 -1418.563110	-0.117 -9.123 -89.573
weapon_ttt_pump_shotgun	908.432861 -2552.559326 -1418.473755	-0.518 -9.518 -89.594
weapon_ttt_pump_shotgun	-109.030067 -1485.320801 -1400.510254	-0.433 -9.745 -89.561
weapon_ttt_pump_shotgun	-127.204269 -366.114471 -1415.667114	-0.275 10.849 85.632
weapon_ttt_pump_shotgun	-124.779297 -331.229126 -1415.891724	1.774 10.808 92.670
item_ammo_smg1_ttt	-968.434021 1375.290039 -1401.660034	0.000 0.000 0.000
item_ammo_smg1_ttt	-953.507996 1373.969971 -1401.660034	0.000 0.000 0.000
item_ammo_smg1_ttt	-961.018982 1399.650024 -1401.660034	0.000 0.000 0.000
item_ammo_smg1_ttt	-449.838409 -84.006943 -1409.568848	-0.026 -0.027 0.011
item_ammo_smg1_ttt	-449.818420 -139.104446 -1408.693604	4.223 0.352 -5.701
item_ammo_smg1_ttt	-387.971069 -190.261139 -1398.667969	-5.592 -0.189 -4.501
item_ammo_smg1_ttt	-384.728516 -154.685226 -1409.037109	-2.517 -3.446 -20.787
item_ammo_smg1_ttt	-384.952911 -129.121017 -1412.883179	5.825 -0.028 -4.376
item_ammo_smg1_ttt	617.566467 121.990700 -1401.548218	0.283 0.001 0.234
item_ammo_smg1_ttt	639.400879 121.963860 -1401.488037	0.189 -0.026 0.478
item_ammo_smg1_ttt	-89.751869 -851.298645 -1401.498413	0.395 0.100 0.089
item_ammo_smg1_ttt	-89.896545 -810.692810 -1401.511108	0.492 0.013 0.371
item_ammo_smg1_ttt	-86.664116 -780.027527 -1401.465088	0.418 0.412 0.413
item_ammo_smg1_ttt	-89.955307 -745.719116 -1401.490356	0.854 -0.057 -0.202
item_ammo_smg1_ttt	1145.672119 659.395142 -1390.748169	11.378 -1.404 -2.251
item_ammo_smg1_ttt	1144.633423 697.304138 -1392.919434	10.956 0.962 -4.393
item_ammo_smg1_ttt	697.650696 701.902222 -1419.608398	0.110 -0.005 0.061
item_ammo_smg1_ttt	666.040527 702.190491 -1419.586548	0.301 -0.005 0.191
item_ammo_smg1_ttt	634.037842 702.828308 -1419.616333	0.079 -0.005 0.040
item_ammo_smg1_ttt	597.414734 705.128357 -1419.517090	-0.378 -0.001 -0.367
item_ammo_smg1_ttt	435.449646 930.865723 -1419.450928	0.056 0.831 0.135
item_ammo_smg1_ttt	435.272186 960.302124 -1419.490967	0.222 -0.001 0.519
item_ammo_smg1_ttt	435.331207 997.330383 -1419.474487	0.321 0.358 0.473
item_ammo_smg1_ttt	435.222107 1029.448120 -1419.463013	0.124 0.325 0.169
item_ammo_smg1_ttt	435.245453 1060.476074 -1419.520020	0.591 0.358 0.453
item_ammo_smg1_ttt	435.044189 1090.693481 -1419.545532	0.930 -0.064 -0.277
item_ammo_smg1_ttt	1537.388306 1612.266235 -1419.480225	-0.254 6.459 0.137
item_ammo_smg1_ttt	1542.617554 1581.703979 -1419.520264	0.208 0.000 0.021
item_ammo_smg1_ttt	1547.046143 1546.615112 -1419.458008	-0.108 0.016 -0.092
item_ammo_smg1_ttt	-546.627747 2053.902344 -1401.567261	0.832 -0.001 0.546
item_ammo_smg1_ttt	-546.714783 2018.354370 -1401.500488	-0.822 0.011 -0.611
item_ammo_smg1_ttt	-548.742737 1976.240601 -1401.521484	0.506 -0.001 0.217
item_ammo_smg1_ttt	-547.964966 1936.144287 -1401.573364	0.597 -0.003 0.389
item_ammo_smg1_ttt	-547.188049 1896.486816 -1401.476074	-0.193 0.016 -0.166
item_ammo_smg1_ttt	-549.904297 1862.355225 -1401.579712	0.422 -0.004 0.272
item_ammo_smg1_ttt	-559.922974 2468.457520 -1401.523071	0.505 -0.001 0.222
item_ammo_smg1_ttt	-555.222229 2428.118408 -1401.586426	0.297 -0.005 0.188
item_ammo_smg1_ttt	-547.103943 2381.823730 -1401.501831	-0.867 -0.013 -0.645
item_ammo_smg1_ttt	-546.549622 2344.599609 -1401.575439	0.523 -0.004 0.339
item_ammo_smg1_ttt	-553.810913 2310.273193 -1401.500610	-0.789 0.014 -0.587
item_ammo_smg1_ttt	1720.035278 -1021.051819 -1401.495117	-0.594 0.010 -0.453
item_ammo_smg1_ttt	1694.477417 -1021.535828 -1401.521484	0.506 -0.001 0.217
item_ammo_smg1_ttt	1669.367432 -1022.994263 -1401.485962	-0.269 0.014 -0.227
item_ammo_smg1_ttt	1640.686401 -1021.136536 -1401.595703	0.190 -0.005 0.116
item_ammo_smg1_ttt	330.384094 -2650.717529 -1419.556396	0.227 0.009 0.016
item_ammo_smg1_ttt	328.716431 -2609.170410 -1419.573486	0.592 -0.003 0.385
item_ammo_smg1_ttt	475.357849 -2757.616211 -1419.579834	0.425 -0.004 0.274
item_ammo_smg1_ttt	450.213898 -2757.509521 -1419.605835	0.123 -0.005 0.070
item_ammo_smg1_ttt	419.382294 -2757.533447 -1419.588867	0.267 -0.005 0.168
item_ammo_smg1_ttt	810.172485 -2761.856934 -1419.492065	-0.434 0.012 -0.351
item_ammo_smg1_ttt	773.607300 -2766.208252 -1419.619019	0.071 -0.005 0.035
item_ammo_smg1_ttt	1000.700562 -2961.105713 -1461.207764	-1.079 -0.412 -0.052
item_ammo_smg1_ttt	1021.568359 -2961.064209 -1460.846069	-1.173 -0.271 0.235
item_ammo_smg1_ttt	181.257690 -2966.096436 -1452.001099	-4.040 0.551 -2.935
item_ammo_smg1_ttt	201.984558 -2961.751709 -1450.887939	-2.637 0.191 -2.922
item_ammo_smg1_ttt	220.819427 -2961.748779 -1450.048950	-2.571 0.229 -2.793
item_ammo_smg1_ttt	-235.394669 321.747101 -1411.273193	7.520 0.238 -1.230
item_ammo_smg1_ttt	-224.150284 364.898560 -1414.534302	4.220 -0.037 -2.771
item_ammo_smg1_ttt	-213.571686 403.380554 -1416.349854	2.578 -0.016 -1.555
weapon_zm_molotov	223.856995 463.363007 -1369.270020	0.000 349.500 74.500
weapon_zm_molotov	218.423996 454.733002 -1368.270020	0.000 316.500 0.000
weapon_zm_molotov	2527.000000 -267.000000 -1355.270020	0.000 0.000 0.000
weapon_zm_molotov	-895.184998 1413.260010 -1381.609985	0.000 0.000 0.000
weapon_zm_molotov	-880.219971 1419.829956 -1381.609985	0.000 0.000 0.000
weapon_zm_molotov	-890.731995 1388.180054 -1381.609985	0.000 0.000 0.000
item_box_buckshot_ttt	320.000000 -1774.000000 -1360.709961	0.000 341.500 0.000
item_box_buckshot_ttt	300.000000 -1773.000000 -1360.709961	0.000 20.500 0.000
item_box_buckshot_ttt	296.000000 -1793.000000 -1360.709961	0.000 301.500 0.000
item_box_buckshot_ttt	314.000000 -1789.000000 -1360.709961	0.000 22.000 0.000
item_box_buckshot_ttt	323.000000 -1806.000000 -1360.709961	0.000 16.000 0.000
item_box_buckshot_ttt	299.332001 -1807.410034 -1360.709961	0.000 40.000 0.000
item_box_buckshot_ttt	-712.000000 -3092.000000 -1428.000000	0.000 37.000 0.000
item_box_buckshot_ttt	-715.578979 -3073.000000 -1423.000000	0.000 0.000 0.000
item_box_buckshot_ttt	-703.000000 -3061.000000 -1420.000000	5.736 333.059 11.125
item_box_buckshot_ttt	1203.000000 2050.570068 -1419.709961	0.000 327.500 0.000
item_box_buckshot_ttt	1196.000000 2033.569946 -1419.709961	0.000 0.000 0.000
item_box_buckshot_ttt	1218.000000 2052.570068 -1419.709961	0.000 250.000 0.000
item_box_buckshot_ttt	1256.199951 2049.570068 -1419.709961	0.000 265.000 0.000
item_box_buckshot_ttt	1272.530029 2041.119995 -1419.709961	0.000 232.500 0.000
item_box_buckshot_ttt	1273.209961 2026.000000 -1419.709961	0.000 155.000 0.000
item_box_buckshot_ttt	609.778992 1763.000000 -1363.709961	0.000 329.500 0.000
item_box_buckshot_ttt	620.692017 1770.810059 -1363.709961	0.000 13.000 0.000
item_box_buckshot_ttt	-371.835999 -2282.000000 -1358.719971	0.000 333.000 0.000
item_box_buckshot_ttt	-372.835999 -2265.000000 -1358.719971	0.000 294.500 0.000
item_box_buckshot_ttt	-352.835999 -2276.000000 -1358.719971	0.000 242.000 0.000
item_box_buckshot_ttt	144.706284 482.288635 -1415.917358	-10.856 -2.231 -2.826
item_box_buckshot_ttt	166.319092 480.244110 -1411.491821	-12.514 -0.607 -5.197
item_box_buckshot_ttt	167.376541 454.312286 -1410.222656	-9.867 0.523 3.600
item_box_buckshot_ttt	142.248688 456.036285 -1414.418579	-12.322 -2.910 -2.411
item_box_buckshot_ttt	1178.559326 -48.961140 -1401.644531	1.049 0.000 -0.843
item_box_buckshot_ttt	1164.832153 -52.292645 -1401.667847	0.330 0.004 -0.256
item_box_buckshot_ttt	1147.936646 -54.587662 -1401.531982	0.786 -0.043 -0.327
item_box_buckshot_ttt	441.659546 -196.461334 -1406.813354	-15.852 4.681 4.094
item_box_buckshot_ttt	365.469147 -196.292740 -1408.795776	-0.924 0.336 5.697
item_box_buckshot_ttt	365.786865 -177.068909 -1407.153687	5.911 -0.140 -8.095
item_box_buckshot_ttt	955.210388 -1227.588501 -1629.565430	-0.601 -0.006 0.537
item_box_buckshot_ttt	937.271057 -1225.976929 -1629.596802	-0.850 -0.010 0.756
item_box_buckshot_ttt	919.599976 -1225.427002 -1629.615356	-0.998 -0.010 0.894
item_box_buckshot_ttt	573.436584 1197.625244 -1419.602417	-0.644 -0.266 1.263
item_box_buckshot_ttt	606.715393 1197.695679 -1419.536133	1.179 -0.066 -0.288
item_box_buckshot_ttt	628.564941 1197.642822 -1419.584595	1.068 -0.083 -0.347
item_box_buckshot_ttt	656.526062 1197.626465 -1419.543701	1.257 -0.061 -0.299
item_box_buckshot_ttt	680.270081 1197.450928 -1419.553955	1.139 -7.922 0.046
item_box_buckshot_ttt	589.957214 1197.769409 -1419.572388	-0.426 -0.659 1.159
item_box_buckshot_ttt	1189.135498 2318.500732 -1419.512085	-0.427 -0.058 0.616
item_box_buckshot_ttt	1207.947021 2316.962402 -1419.652710	0.720 0.003 -0.575
item_box_buckshot_ttt	1227.132202 2313.281250 -1419.644775	1.043 0.000 -0.838
item_box_buckshot_ttt	1246.054810 2311.912842 -1419.603027	-0.918 -0.009 0.818
item_box_buckshot_ttt	-1060.974976 1758.812744 -1401.611206	-0.971 0.004 0.869
item_box_buckshot_ttt	-1085.035278 1754.587402 -1401.602173	-0.918 -0.009 0.816
item_box_buckshot_ttt	-1110.727417 1753.464600 -1401.570679	0.904 -0.019 0.346
item_box_buckshot_ttt	-1138.693970 1753.482422 -1401.608521	-0.980 0.004 0.867
item_box_buckshot_ttt	-1162.697876 1754.002441 -1401.589600	-0.989 0.002 0.792
item_box_buckshot_ttt	945.593933 -2504.370117 -1419.615845	-0.718 -0.005 0.664
item_box_buckshot_ttt	943.981201 -2528.457520 -1419.571777	-0.535 0.033 -1.289
item_box_buckshot_ttt	939.276672 -2560.557861 -1419.540771	-0.421 -0.006 0.373
item_box_buckshot_ttt	-137.002991 -1505.712158 -1401.575195	-0.692 -0.007 0.614
item_box_buckshot_ttt	-115.191299 -1507.481567 -1401.559570	-0.569 -0.007 0.505
item_box_buckshot_ttt	-96.596565 -1503.887939 -1401.582886	-0.748 -0.006 0.666
item_box_buckshot_ttt	-163.333496 -366.605377 -1415.967773	2.833 -0.252 0.456
item_box_buckshot_ttt	-163.998032 -345.585052 -1414.827515	5.172 0.098 2.898
item_box_buckshot_ttt	-166.633163 -321.056488 -1413.466919	6.882 -0.627 1.936
weapon_ttt_galil	-431.858704 -115.019112 -1410.709351	0.131 -15.412 -94.900
weapon_ttt_galil	572.525208 114.718422 -1400.873413	0.951 -8.516 -87.405
weapon_ttt_galil	482.027618 941.529053 -1419.189941	-1.465 12.985 87.039
weapon_ttt_galil	477.302307 973.458191 -1419.187378	-1.577 12.987 87.037
weapon_ttt_galil	476.011688 1006.299438 -1419.187988	-1.550 12.986 87.038
weapon_ttt_galil	475.790558 1043.247559 -1419.186523	-1.619 12.987 87.036
weapon_ttt_galil	474.917023 1071.319702 -1419.186890	-1.600 12.987 87.037
weapon_ttt_galil	-589.173096 1968.621460 -1400.835815	0.832 -8.527 -87.661
weapon_ttt_galil	-580.810242 1998.435425 -1400.791992	0.693 -8.551 -87.959
weapon_ttt_galil	-575.551880 2040.226807 -1400.775024	0.639 -8.564 -88.075
weapon_ttt_galil	802.182739 -2730.492676 -1419.186646	-1.606 12.987 87.037
weapon_ttt_galil	757.874207 -2729.517334 -1419.185181	-1.671 12.989 87.036
weapon_ttt_galil	-176.003418 389.367950 -1416.758301	0.815 -11.894 -88.531
weapon_ttt_galil	-190.794113 357.219116 -1415.857910	2.192 -9.002 -90.956
weapon_ttt_galil	-195.563843 330.251007 -1414.072144	2.775 -8.512 -94.306
weapon_ttt_p90	-280.656372 -144.065475 -1416.709229	0.197 1.353 -87.537
weapon_ttt_p90	-325.524078 -138.163879 -1413.128540	10.238 -9.664 -89.581
weapon_ttt_p90	1153.871582 620.711304 -1390.975342	7.061 7.877 -85.111
weapon_ttt_p90	687.131226 729.604065 -1418.713623	0.666 0.997 -87.656
weapon_ttt_p90	1505.573364 1594.833252 -1418.717163	0.661 0.998 -87.572
weapon_ttt_p90	1504.798340 1565.166992 -1418.724487	0.650 1.002 -87.403
weapon_ttt_p90	1507.872192 1540.821533 -1418.717163	0.661 0.998 -87.572
weapon_ttt_p90	149.244019 -2969.230469 -1453.282349	-3.243 2.297 -89.874
weapon_ttt_p90	250.647827 -2963.315430 -1447.898682	-2.257 -9.757 -89.933
weapon_ttt_famas	-595.958008 2465.571045 -1400.817017	-0.000 16.875 90.000
weapon_ttt_famas	-594.607666 2425.367432 -1400.944946	0.000 13.922 89.180
weapon_ttt_famas	-594.733459 2381.209229 -1400.750122	0.006 -16.503 -89.132
weapon_ttt_famas	-597.434631 2352.395996 -1400.817017	0.000 16.866 90.000
weapon_ttt_famas	-598.088318 2312.761230 -1400.817017	0.000 16.867 90.000
weapon_ttt_famas	464.991302 -2717.165039 -1418.817139	0.000 16.512 90.000
weapon_ttt_famas	420.645294 -2714.913330 -1418.817139	0.000 16.512 90.000
weapon_ttt_famas	962.850342 -2972.555664 -1460.265991	0.431 -15.186 -89.209
ttt_random_ammo	-507.660797 110.460228 -1401.664063	-0.045 -0.000 -0.026
ttt_random_ammo	-561.399414 111.020828 -1401.671387	-0.045 -0.000 -0.030
ttt_random_ammo	-611.607788 108.228287 -1401.643677	-0.055 -0.000 -0.004
ttt_random_ammo	-665.257690 107.802406 -1401.650146	-0.049 -0.000 -0.014
ttt_random_ammo	-719.218323 111.452148 -1401.554810	-1.448 -0.034 1.743
ttt_random_ammo	-776.288818 110.980637 -1401.598145	-0.606 -0.005 0.685
ttt_random_ammo	-826.794067 112.991737 -1401.656982	-0.046 -0.000 -0.021
ttt_random_ammo	-885.774841 115.338814 -1401.647949	-0.051 -0.000 -0.011
ttt_random_ammo	-887.390747 73.473267 -1401.617920	-0.162 -0.001 0.138
ttt_random_ammo	-884.120178 36.154518 -1401.635376	-0.069 -0.000 0.017
ttt_random_ammo	-885.688721 -14.497201 -1401.625488	-0.106 -0.000 0.067
ttt_random_ammo	-833.115845 -17.286106 -1401.645752	-0.053 -0.000 -0.007
ttt_random_ammo	-778.099731 -23.764311 -1401.606445	-0.346 -0.002 0.366
ttt_random_ammo	-720.583801 -30.543972 -1401.687256	-0.047 -0.000 -0.036
ttt_random_ammo	-663.549072 -34.729519 -1401.652344	-0.048 -0.000 -0.016
ttt_random_ammo	-601.859680 -38.959866 -1401.638428	0.064 0.000 0.011
ttt_random_ammo	-554.617249 -41.620533 -1401.581299	1.485 0.034 1.783
ttt_random_ammo	-511.992310 -40.332264 -1401.586304	1.607 0.035 1.932
ttt_random_ammo	1161.238892 -1646.145264 -1401.605469	0.912 0.010 1.058
ttt_random_ammo	1163.815186 -1602.670410 -1401.636475	0.069 0.000 0.017
ttt_random_ammo	1166.370361 -1559.653320 -1401.674683	0.045 0.000 -0.031
ttt_random_ammo	1167.777954 -1526.442017 -1401.629028	0.096 0.000 0.054
ttt_random_ammo	1169.396484 -1490.299805 -1401.545532	0.801 0.023 0.963
ttt_random_ammo	1171.088501 -1452.867310 -1401.655396	0.047 0.000 -0.019
ttt_random_ammo	1172.817871 -1414.475220 -1401.664795	0.045 0.000 -0.026
ttt_random_ammo	1207.402466 -1381.645508 -1401.627197	0.104 0.000 0.065
ttt_random_ammo	1244.485718 -1383.073853 -1401.627197	0.105 0.000 0.066
ttt_random_ammo	1279.631714 -1391.698730 -1401.627197	0.104 0.000 0.065
ttt_random_ammo	1290.967163 -1428.185669 -1401.629028	0.095 0.000 0.053
ttt_random_ammo	1293.164673 -1465.923706 -1398.640869	-0.107 0.065 0.208
ttt_random_ammo	1292.731567 -1523.292480 -1398.400513	-88.678 92.950 -94.159
ttt_random_ammo	1294.515869 -1580.233887 -1401.653198	0.048 0.000 -0.017
ttt_random_ammo	1294.418457 -1628.168945 -1401.662354	0.045 0.000 -0.024
ttt_random_ammo	1294.338135 -1668.015137 -1401.669678	0.045 0.000 -0.029
weapon_zm_rifle	-983.000000 -3228.000000 -1452.000000	0.000 44.500 0.000
weapon_zm_rifle	1380.000000 1631.000000 -1353.040039	0.000 39.500 -89.000
weapon_zm_rifle	532.421997 699.612976 -1369.040039	0.000 0.000 0.000
weapon_zm_rifle	546.000000 714.000000 -1369.040039	0.000 0.000 0.000
weapon_zm_rifle	3562.000000 -19.000000 -1356.040039	0.000 72.500 0.000
weapon_zm_rifle	714.682556 -2409.031982 -1420.880615	3.358 13.308 64.774
weapon_zm_rifle	768.228638 -2413.867188 -1420.769775	3.317 13.358 65.594
weapon_zm_mac10	237.000000 357.000000 -1408.150024	0.000 352.000 -74.000
weapon_zm_mac10	346.000000 -2747.000000 -1365.000000	0.000 268.000 -86.000
weapon_zm_mac10	344.000000 -2719.000000 -1368.000000	0.000 291.500 -86.000
weapon_zm_mac10	1110.000000 1805.000000 -1350.530029	0.000 0.000 0.000
weapon_zm_mac10	269.000000 383.000000 -1407.000000	0.000 23.500 -74.000
weapon_zm_mac10	469.000000 830.000000 -1366.530029	0.000 84.000 0.000
weapon_zm_mac10	458.000000 765.000000 -1366.530029	12.779 39.827 -14.854
weapon_zm_mac10	-968.000000 1425.000000 -1396.530029	0.000 0.000 0.000
weapon_zm_pistol	429.000000 235.000000 -1367.000000	0.000 126.500 0.000
weapon_zm_pistol	421.000000 221.000000 -1402.219971	12.164 220.507 -4.622
weapon_zm_pistol	-216.000000 -1509.000000 -1351.000000	0.000 0.000 -88.000
weapon_zm_pistol	1500.000000 1503.000000 -1353.280029	0.000 317.000 0.000
weapon_zm_pistol	1516.000000 1505.000000 -1353.280029	0.000 32.500 0.000
weapon_zm_pistol	385.000000 216.000000 -1397.000000	12.164 340.507 -4.622
weapon_zm_pistol	-430.069000 -2707.419922 -1385.209961	0.000 270.000 0.000
item_ammo_pistol_ttt	409.057007 243.326004 -1370.079956	0.000 281.000 0.000
item_ammo_pistol_ttt	407.028015 253.761993 -1369.510010	0.000 281.000 0.000
item_ammo_pistol_ttt	405.131012 263.523987 -1369.689941	0.000 281.000 0.000
item_ammo_pistol_ttt	-200.095993 -1499.619995 -1353.329956	0.000 14.000 0.000
item_ammo_pistol_ttt	-190.447006 -1497.219971 -1353.150024	0.000 14.000 0.000
item_ammo_pistol_ttt	-180.130997 -1494.650024 -1353.719971	0.000 14.000 0.000
item_ammo_pistol_ttt	345.959015 -3101.189941 -1446.609985	0.000 0.000 0.000
item_ammo_pistol_ttt	359.660004 -3094.479980 -1447.849976	0.000 0.000 0.000
item_ammo_pistol_ttt	379.868988 -3096.080078 -1450.719971	0.000 0.000 0.000
item_ammo_pistol_ttt	323.610992 -2698.060059 -1372.719971	0.000 0.000 0.000
item_ammo_pistol_ttt	335.592987 -2700.310059 -1372.719971	0.000 0.000 0.000
item_ammo_pistol_ttt	348.692993 -2699.530029 -1372.719971	0.000 0.000 0.000
item_ammo_pistol_ttt	490.783997 152.669006 -1410.000000	0.000 0.000 0.000
item_ammo_pistol_ttt	478.000000 150.337006 -1410.000000	0.000 0.000 0.000
item_ammo_pistol_ttt	466.868988 150.378998 -1410.719971	0.000 0.000 0.000
item_ammo_pistol_ttt	457.480988 154.481995 -1410.209961	0.000 0.000 0.000
item_ammo_pistol_ttt	1076.579956 1481.619995 -1419.719971	0.000 0.000 0.000
item_ammo_pistol_ttt	1087.400024 1481.380005 -1419.719971	0.000 0.000 0.000
item_ammo_pistol_ttt	1098.689941 1479.380005 -1419.719971	0.000 0.000 0.000
item_ammo_pistol_ttt	1502.000000 2234.000000 -1420.000000	0.000 335.000 0.000
item_ammo_pistol_ttt	1513.000000 2225.000000 -1420.000000	0.000 350.500 0.000
item_ammo_pistol_ttt	1490.000000 1490.380005 -1355.510010	0.000 45.000 0.000
item_ammo_pistol_ttt	1536.000000 1473.000000 -1356.000000	0.000 60.500 0.000
item_ammo_pistol_ttt	1534.000000 1495.380005 -1355.510010	0.000 335.500 0.000
item_ammo_pistol_ttt	1512.000000 1485.380005 -1355.510010	0.000 306.000 0.000
item_ammo_pistol_ttt	621.000000 1635.000000 -1363.719971	0.000 351.500 0.000
item_ammo_pistol_ttt	607.000000 1640.000000 -1363.719971	0.000 26.500 0.000
item_ammo_pistol_ttt	439.102997 708.153992 -1370.719971	0.000 0.000 0.000
item_ammo_pistol_ttt	450.727997 705.041016 -1370.719971	0.000 0.000 0.000
item_ammo_pistol_ttt	468.282013 704.255981 -1370.719971	0.000 0.000 0.000
item_ammo_pistol_ttt	476.605011 702.447021 -1370.719971	0.000 0.000 0.000
item_ammo_pistol_ttt	230.537201 -542.468201 -1403.714233	-87.644 -115.592 113.011
item_ammo_pistol_ttt	233.419601 -510.959198 -1404.271729	-82.656 131.452 -130.842
item_ammo_pistol_ttt	1316.971313 29.031025 -1401.664185	-0.143 -0.019 -0.043
item_ammo_pistol_ttt	1295.964355 28.590370 -1401.643433	-0.124 -0.019 -0.038
item_ammo_pistol_ttt	1324.697266 81.263054 -1401.570190	-0.675 0.123 -0.666
item_ammo_pistol_ttt	1310.240601 84.545410 -1401.633057	-0.115 -0.019 -0.035
item_ammo_pistol_ttt	718.311829 -768.673035 -1629.671875	-0.149 -0.018 -0.045
item_ammo_pistol_ttt	716.820068 -738.348267 -1629.604858	-0.091 -0.020 -0.027
item_ammo_pistol_ttt	713.765015 -675.469177 -1629.657104	-0.136 -0.019 -0.041
item_ammo_pistol_ttt	713.835327 -644.484009 -1629.546875	-0.206 0.174 -0.363
item_ammo_pistol_ttt	1470.723022 1438.871460 -1419.671875	-0.149 -0.018 -0.045
item_ammo_pistol_ttt	1452.363892 1439.289673 -1419.590332	-0.078 -0.020 -0.024
item_ammo_pistol_ttt	1435.149170 1438.268799 -1419.641479	-0.122 -0.019 -0.037
item_ammo_pistol_ttt	1415.341919 1437.394287 -1419.557129	-0.436 0.196 -0.504
item_ammo_pistol_ttt	1411.097168 2306.458252 -1419.633179	-0.115 -0.019 -0.035
item_ammo_pistol_ttt	1393.707397 2306.191406 -1419.609741	-0.095 -0.020 -0.029
item_ammo_pistol_ttt	1384.034424 2308.720215 -1419.616455	-0.101 -0.020 -0.030
item_ammo_pistol_ttt	1051.817017 2090.367432 -1419.669312	-0.147 -0.018 -0.044
item_ammo_pistol_ttt	1031.678345 2085.220459 -1419.535156	-0.030 -0.020 -0.009
item_ammo_pistol_ttt	1013.614807 2081.940430 -1419.558960	-0.259 0.139 -0.459
item_ammo_pistol_ttt	-1307.131104 1614.340088 -1401.522705	0.402 -0.297 -0.010
item_ammo_pistol_ttt	-1280.163940 1614.321655 -1401.511597	-0.174 0.167 -0.120
item_ammo_pistol_ttt	-1251.133423 1614.240112 -1401.575073	-0.356 0.693 -0.596
item_ammo_pistol_ttt	-1232.677124 1614.462891 -1401.606201	0.316 0.084 -0.008
item_ammo_pistol_ttt	-1265.078003 1612.613647 -1401.563232	-0.054 -0.020 -0.016
item_ammo_pistol_ttt	-1291.271362 1614.462646 -1401.602173	1.598 0.059 0.073
item_ammo_pistol_ttt	-338.071472 1718.004395 -1401.661743	-0.140 -0.019 -0.043
item_ammo_pistol_ttt	-310.636108 1720.710938 -1401.671753	-0.149 -0.018 -0.045
item_ammo_pistol_ttt	-284.888763 1724.366211 -1401.671753	-0.149 -0.018 -0.045
item_ammo_pistol_ttt	-263.737579 1727.003174 -1401.666626	-0.145 -0.018 -0.044
item_ammo_pistol_ttt	2189.863281 1476.564819 -1401.643433	-0.124 -0.019 -0.038
item_ammo_pistol_ttt	2200.857178 1511.951416 -1401.670410	-0.005 -0.099 -0.004
item_ammo_pistol_ttt	2189.614502 1351.262573 -1401.580566	0.608 -0.044 0.392
item_ammo_pistol_ttt	1574.616577 -930.303528 -1401.548340	-0.703 -1.884 0.095
item_ammo_pistol_ttt	1569.547607 -898.932312 -1401.630981	0.026 0.031 0.003
item_ammo_pistol_ttt	1567.639648 -865.875244 -1401.549805	0.010 0.031 0.001
item_ammo_pistol_ttt	1568.173706 -832.512573 -1401.661011	-0.112 -0.056 -0.000
item_ammo_pistol_ttt	930.110535 -2646.527344 -1419.642700	0.174 0.042 -0.021
item_ammo_pistol_ttt	928.752075 -2681.782715 -1419.533081	0.147 -0.568 0.167
item_ammo_pistol_ttt	930.890198 -2713.799072 -1419.608032	-0.093 -0.020 -0.028
item_ammo_pistol_ttt	-82.144440 -2744.972168 -1401.604736	-0.091 -0.020 -0.028
item_ammo_pistol_ttt	-69.573792 -2740.334717 -1401.647827	-0.128 -0.019 -0.039
item_ammo_pistol_ttt	-86.536896 -2763.419922 -1401.578369	0.160 0.184 -0.450
item_ammo_pistol_ttt	-69.794273 -2763.219482 -1401.635132	-0.117 -0.019 -0.036
item_ammo_pistol_ttt	214.503906 -321.834595 -1407.192871	-76.833 -171.493 174.921
item_ammo_pistol_ttt	217.530991 -293.140015 -1406.829224	-79.424 154.067 -158.057
item_ammo_pistol_ttt	220.348007 -267.668701 -1412.261230	-9.929 0.047 -6.427
item_ammo_pistol_ttt	233.962845 -240.111572 -1414.430908	-0.435 0.108 -4.886
weapon_ttt_confgrenade	-77.095802 -2686.219971 -1370.719971	0.000 0.000 0.000
weapon_ttt_confgrenade	-70.454903 -2689.409912 -1371.640015	0.000 0.000 0.000
weapon_ttt_confgrenade	1552.709961 2194.629883 -1415.510010	0.000 0.000 0.000
weapon_ttt_confgrenade	1540.800049 2195.320068 -1415.510010	0.000 0.000 0.000
weapon_ttt_confgrenade	3045.090088 -437.407013 -1397.719971	0.000 0.000 0.000
weapon_ttt_confgrenade	3037.000000 -442.000000 -1397.719971	0.000 0.000 0.000
weapon_ttt_confgrenade	3752.699951 -488.123993 -1371.390015	0.000 190.500 0.000
weapon_ttt_confgrenade	3759.810059 -490.049988 -1370.469971	0.000 190.500 0.000
weapon_ttt_confgrenade	3998.419922 -30.069000 -1385.209961	0.000 0.000 0.000
weapon_ttt_confgrenade	4009.979980 -20.055901 -1384.719971	0.000 0.000 0.000
weapon_ttt_confgrenade	-884.718018 1436.010010 -1382.369995	0.000 0.000 0.000
weapon_ttt_confgrenade	-894.693970 1440.699951 -1382.859985	0.000 0.000 0.000
weapon_ttt_confgrenade	-891.857971 1457.939941 -1382.859985	0.000 0.000 0.000
weapon_ttt_m16	-79.000000 -2720.000000 -1364.000000	0.000 48.000 0.000
weapon_ttt_m16	1527.000000 2214.000000 -1382.319946	0.000 0.000 0.000
weapon_ttt_m16	3755.530029 -456.488007 -1363.750000	0.000 238.500 0.000
weapon_ttt_m16	-411.000000 -2704.000000 -1381.000000	0.000 3.500 0.000
weapon_ttt_m16	1293.506226 68.397118 -1401.155396	2.178 -6.174 84.036
weapon_ttt_m16	-1193.791138 1603.963501 -1401.172729	2.268 -6.199 84.168
weapon_ttt_m16	-1140.956177 1609.442627 -1401.163940	2.222 -6.180 84.101
item_ammo_357_ttt	-959.000000 -3244.000000 -1455.000000	0.000 94.000 0.000
item_ammo_357_ttt	-953.000000 -3229.000000 -1455.000000	0.000 69.000 0.000
item_ammo_357_ttt	-943.000000 -3215.169922 -1456.719971	0.000 167.500 0.000
item_ammo_357_ttt	1340.000000 1660.300049 -1355.719971	0.000 231.500 0.000
item_ammo_357_ttt	1350.640015 1646.180054 -1355.719971	0.000 285.500 0.000
item_ammo_357_ttt	1359.890015 1634.160034 -1355.719971	0.000 256.500 0.000
item_ammo_357_ttt	572.000000 728.000000 -1370.719971	0.000 48.500 0.000
item_ammo_357_ttt	557.000000 729.000000 -1370.719971	0.000 144.000 0.000
item_ammo_357_ttt	543.000000 731.000000 -1370.719971	0.000 68.000 0.000
item_ammo_357_ttt	507.977997 700.059021 -1370.410034	0.000 132.500 0.000
item_ammo_357_ttt	515.809998 711.833984 -1370.410034	0.000 208.500 0.000
item_ammo_357_ttt	3573.000000 28.164200 -1358.719971	0.000 63.000 0.000
item_ammo_357_ttt	3556.000000 27.164200 -1358.719971	0.000 24.500 0.000
item_ammo_357_ttt	3567.000000 47.164200 -1358.719971	0.000 332.000 0.000
item_ammo_357_ttt	-1311.189941 1459.099976 -1358.719971	0.000 0.000 0.000
item_ammo_357_ttt	-1308.030029 1442.469971 -1358.719971	0.000 0.000 0.000
item_ammo_357_ttt	-1309.530029 1421.160034 -1358.719971	0.000 0.000 0.000
item_ammo_357_ttt	806.276672 -2410.556641 -1419.616089	0.460 0.054 0.035
item_ammo_357_ttt	823.185669 -2409.708740 -1419.687622	0.446 0.072 0.064
item_ammo_357_ttt	838.492371 -2413.571777 -1419.690063	0.446 0.071 0.065
weapon_zm_shotgun	304.000000 -1759.000000 -1358.000000	0.000 0.000 -72.000
weapon_zm_shotgun	302.000000 -1821.000000 -1358.510010	0.000 0.000 56.500
weapon_zm_shotgun	-694.000000 -3096.000000 -1417.000000	-4.788 85.598 -47.316
weapon_zm_shotgun	-419.000000 -2271.000000 -1356.040039	0.000 342.500 0.000
weapon_zm_sledge	1501.000000 1468.000000 -1351.140015	0.000 0.000 0.000
weapon_zm_sledge	262.000000 415.000000 -1404.949951	0.000 0.000 0.000
weapon_zm_sledge	3995.000000 -11.000000 -1381.000000	0.000 93.500 0.000
weapon_zm_revolver	377.000000 266.000000 -1403.219971	0.000 162.000 0.000
weapon_zm_revolver	680.000000 -3103.000000 -1404.000000	0.000 3.000 -76.000
weapon_zm_revolver	2500.000000 -256.000000 -1356.000000	6.820 338.082 -76.906
weapon_zm_revolver	2500.000000 -293.000000 -1358.000000	0.000 35.500 -80.500
weapon_zm_revolver	986.911987 2286.820068 -1369.000000	0.000 0.000 0.000
weapon_zm_revolver	997.320007 2301.750000 -1369.000000	0.000 0.000 0.000
weapon_zm_revolver	438.000000 209.000000 -1403.000000	0.000 99.000 0.000
weapon_zm_revolver	-1129.000000 1426.000000 -1356.000000	0.000 13.500 0.000
weapon_zm_revolver	-178.860779 479.496246 -1414.286133	11.102 -30.354 -85.754
weapon_zm_revolver	-149.062836 484.869080 -1417.355591	28.953 0.762 -16.151
weapon_zm_revolver	83.843811 -876.770935 -1401.168091	2.509 -41.001 -83.911
weapon_zm_revolver	83.851189 -895.130981 -1401.146118	2.263 -41.423 -85.161
weapon_zm_revolver	83.844040 -913.611023 -1401.159790	2.366 -41.034 -84.250
weapon_zm_revolver	833.346313 -1125.118286 -1573.029419	1.889 -18.766 -85.988
weapon_zm_revolver	776.465271 -1123.250610 -1573.029297	2.051 -18.705 -85.706
weapon_zm_revolver	945.210571 1876.753540 -1419.135864	3.127 -16.557 -83.854
weapon_zm_revolver	948.117126 1897.208618 -1419.134277	3.114 -16.571 -83.876
weapon_zm_revolver	957.221069 1912.526245 -1419.110474	2.922 -16.621 -84.205
weapon_zm_revolver	982.924194 1919.728149 -1419.122314	3.017 -16.592 -84.042
weapon_zm_revolver	1005.162781 1921.009155 -1419.115479	2.963 -16.607 -84.135
weapon_zm_revolver	-1220.260010 1780.905518 -1401.029785	1.587 -19.242 -86.513
weapon_zm_revolver	-1242.270996 1784.169434 -1401.029785	1.646 -19.247 -86.410
weapon_zm_revolver	-1260.521606 1784.143188 -1401.029541	1.829 -19.174 -86.093
weapon_zm_revolver	-1281.220093 1785.729492 -1401.029663	1.725 -19.212 -86.273
weapon_zm_revolver	780.402039 -1948.631226 -1401.029785	1.646 -19.247 -86.410
weapon_zm_revolver	805.681946 -1949.355957 -1401.029297	2.009 -19.125 -85.779
weapon_zm_revolver	835.794983 -1949.675781 -1401.029663	1.742 -19.198 -86.245
weapon_zm_revolver	696.889099 -2744.683838 -1419.106812	2.893 -16.632 -84.255
weapon_zm_revolver	679.494263 -2748.041748 -1419.122314	3.017 -16.592 -84.042
weapon_zm_revolver	662.782288 -2746.670654 -1419.137451	3.140 -16.556 -83.831
weapon_zm_revolver	638.391724 -2745.158203 -1419.165161	3.361 -16.485 -83.450
weapon_zm_revolver	593.987183 -3281.318359 -1449.133545	0.206 -26.360 -87.673
weapon_ttt_aug	-71.268074 -922.161255 -1400.182495	-2.153 -9.285 -84.643
weapon_ttt_aug	-71.385948 -881.412292 -1401.420898	0.056 9.829 86.979
weapon_ttt_aug	-583.896301 1867.436401 -1401.462036	0.064 9.782 86.707
weapon_ttt_aug	-586.042419 1901.744873 -1401.484375	0.079 9.783 86.601
weapon_ttt_aug	-590.244690 1933.044189 -1401.482666	0.078 9.783 86.609
weapon_ttt_aug	1717.499390 -979.550293 -1401.488037	0.081 9.783 86.584
weapon_ttt_aug	1663.606689 -978.640747 -1401.505615	0.093 9.784 86.500
weapon_ttt_aug	362.987152 -2638.002197 -1419.427734	0.018 10.204 86.800
weapon_ttt_aug	362.313599 -2610.052002 -1419.500854	0.126 9.599 86.504
weapon_ttt_sg552	630.668091 737.726440 -1418.967529	2.495 2.110 -85.036
weapon_ttt_sg552	1033.668945 2110.910400 -1418.965454	2.452 2.121 -84.984
