# Trouble in Terrorist Town weapon/ammo placement overrides
# For map: ttt_deadwood_a3
# Exported by: theguyishere
setting:	replacespawns 1
weapon_ttt_dual_elites	-2818.743896 1999.343140 127.983620	1.911 0.147 -0.060
weapon_ttt_dual_elites	-4115.897949 816.355652 156.811890	1.755 0.193 -0.012
weapon_ttt_dual_elites	-3402.901855 1211.317871 135.981171	1.941 0.151 -0.059
weapon_ttt_dual_elites	-3263.354736 1214.256348 136.019806	1.895 0.144 -0.069
weapon_ttt_dual_elites	-1784.967529 -1337.250000 272.102417	1.850 20.364 -0.005
weapon_ttt_dual_elites	-1780.193237 -1359.672974 272.004547	1.871 0.155 -0.289
weapon_ttt_dual_elites	-1783.755737 -1397.037842 271.959259	1.906 0.168 -0.374
weapon_ttt_dual_elites	-2993.568359 -1429.751831 171.427002	1.737 -3.469 0.358
weapon_ttt_smokegrenade	22.848089 1713.674561 136.119705	-1.100 -1.420 -1.682
weapon_ttt_smokegrenade	32.725437 1713.105103 136.136536	-0.933 -1.615 -1.425
weapon_ttt_smokegrenade	-4293.021484 -1123.273193 161.782425	-47.799 65.334 -86.683
weapon_ttt_smokegrenade	-4299.443848 -1136.682251 160.124588	-1.052 -1.485 -1.608
weapon_ttt_smokegrenade	-3162.764160 673.772888 128.103653	-1.353 -1.195 -0.788
weapon_ttt_smokegrenade	-3178.744873 674.224426 128.116287	-1.218 -1.250 -0.710
weapon_ttt_smokegrenade	-3208.369873 997.778381 128.097809	-1.415 -1.227 -0.824
weapon_ttt_smokegrenade	-3209.659912 982.346924 128.126114	-1.113 -1.266 -0.649
weapon_ttt_smokegrenade	-3399.640137 692.611938 129.486816	18.705 53.510 -89.353
weapon_ttt_smokegrenade	-3389.637939 685.683777 129.482300	18.879 53.873 -89.032
weapon_ttt_smokegrenade	-778.960999 -1335.185913 136.114624	-1.151 -1.442 -1.760
weapon_ttt_smokegrenade	-794.002502 -1376.161011 136.164841	-0.652 -1.719 -0.993
weapon_ttt_smokegrenade	-780.435486 -1433.508667 136.185226	-0.450 -1.749 -0.683
weapon_ttt_smokegrenade	-751.671204 -1458.326416 136.139297	-0.906 -1.607 -1.383
weapon_ttt_smokegrenade	-729.871887 -1474.030273 136.118027	-1.125 -1.329 -1.703
weapon_ttt_smokegrenade	-853.522217 196.145462 409.774078	-48.999 38.972 -87.328
weapon_ttt_smokegrenade	-872.509338 253.286484 408.168640	-0.615 -1.722 -0.935
weapon_ttt_smokegrenade	-877.661560 263.054474 408.139313	-0.906 -1.607 -1.383
weapon_ttt_mp5	-330.313019 2030.214722 135.508713	-7.607 1.196 -1.501
weapon_ttt_mp5	-283.844391 2031.031250 135.491302	-7.408 1.098 -2.192
weapon_ttt_mp5	-4094.615723 1076.847534 173.096344	0.208 6.191 -87.152
weapon_ttt_mp5	-4370.314453 -467.123291 135.490540	-7.400 1.297 -2.222
weapon_ttt_mp5	-2209.047119 -1670.354004 41.576042	0.208 6.507 -87.151
weapon_ttt_mp5	-2207.309082 -1684.943726 41.574589	0.246 6.114 -87.198
weapon_ttt_mp5	-1311.359985 250.714355 409.095093	0.320 5.748 -87.362
weapon_ttt_mp5	-1311.408081 272.739563 409.104034	0.332 5.434 -87.730
weapon_ttt_mp5	206.749741 481.076324 135.487686	-7.367 1.082 -2.336
weapon_ttt_mp5	-1416.221313 -143.283997 135.480667	-7.283 1.135 -2.664
weapon_ttt_mp5	-1773.340332 -487.014435 135.506332	-7.581 1.036 -1.597
weapon_ttt_mp5	-1459.658936 1108.428467 135.494781	-7.449 1.267 -2.054
weapon_ttt_magnum	-407.522583 2019.804443 138.001831	9.417 25.493 74.099
weapon_ttt_magnum	-402.092041 2031.915039 137.994522	9.249 25.585 74.440
weapon_ttt_magnum	-4073.852783 953.210449 175.421967	9.397 -24.954 -75.131
weapon_ttt_magnum	-4096.780762 -579.902222 158.739624	9.023 25.337 75.367
weapon_ttt_magnum	-2451.609619 -1376.321899 156.317917	9.302 25.401 74.439
weapon_ttt_magnum	209.982666 377.265808 138.001068	9.399 25.499 74.135
weapon_ttt_magnum	232.405060 1384.810303 138.005905	9.510 25.441 73.907
weapon_ttt_magnum	56.959602 -1430.669800 169.049561	8.850 26.200 75.518
weapon_ttt_magnum	12.024139 -1425.758789 169.018539	8.482 21.842 75.896
weapon_ttt_glock	-418.200928 1615.818726 137.110626	-0.727 25.648 91.324
weapon_ttt_glock	-418.676208 1623.779175 137.075623	-0.304 25.762 90.201
weapon_ttt_glock	-4190.317871 -808.710754 137.113892	-0.942 25.594 91.734
weapon_ttt_glock	-4213.830566 -809.710144 137.113358	-0.908 25.595 91.669
weapon_ttt_glock	-3249.031250 953.988220 137.111954	-0.816 25.629 91.493
weapon_ttt_glock	-3410.510498 949.810181 137.110382	-0.711 25.648 91.293
weapon_ttt_glock	-1069.371094 228.622742 272.141571	1.089 2.496 5.177
weapon_ttt_glock	809.084412 -732.323792 155.424576	-0.279 24.766 90.772
weapon_ttt_glock	853.318115 -732.340332 155.427185	-0.257 23.939 91.034
weapon_ttt_glock	-1140.159912 1273.487305 137.111008	-0.753 25.640 91.372
weapon_ttt_glock	-1135.082520 1432.497437 137.111679	-0.797 25.630 91.458
weapon_ttt_smg	281.377686 2029.092163 140.892578	-1.639 -1.634 -90.860
weapon_ttt_smg	279.272095 2032.583862 138.526337	-1.669 1.341 -90.285
weapon_ttt_smg	-3812.215088 -814.819946 405.651367	5.039 0.223 1.687
weapon_ttt_smg	-2910.252686 -233.767517 384.525330	5.072 0.483 4.695
weapon_ttt_smg	-2915.663818 -242.201324 384.597290	5.056 0.337 3.019
weapon_ttt_smg	-702.903687 -1654.677246 141.669388	5.033 0.183 1.228
weapon_ttt_smg	-2346.523193 -98.970459 277.686127	5.027 0.145 0.793
weapon_ttt_smg	-2066.042480 -410.082275 277.593201	5.057 0.346 3.117
item_ammo_revolver_ttt	-3116.970703 2311.015137 136.348236	0.454 0.064 0.048
item_ammo_revolver_ttt	-3124.933594 2311.600830 136.340622	0.453 0.066 0.051
item_ammo_revolver_ttt	-3409.794434 1948.467407 286.383972	0.557 0.918 -0.042
item_ammo_revolver_ttt	-3403.962158 1957.494263 286.415619	1.010 -1.373 -1.147
item_ammo_revolver_ttt	-419.930725 2000.722046 136.358810	0.456 0.062 0.044
item_ammo_revolver_ttt	-407.837585 1999.053589 136.342575	0.453 0.064 0.050
item_ammo_revolver_ttt	-376.186676 2039.622314 136.332550	0.451 0.066 0.054
item_ammo_revolver_ttt	-379.045197 2022.430664 136.420990	0.468 0.056 0.019
item_ammo_revolver_ttt	36.080025 940.477966 136.321732	0.449 0.070 0.058
item_ammo_revolver_ttt	36.124336 966.242004 136.334610	0.452 0.066 0.053
item_ammo_revolver_ttt	38.570724 881.781006 136.369995	0.458 0.059 0.039
item_ammo_revolver_ttt	39.258160 858.029236 136.326157	0.450 0.070 0.057
item_ammo_revolver_ttt	-4050.637207 905.902710 152.770111	0.473 -0.251 -0.054
item_ammo_revolver_ttt	-4100.404785 961.590942 152.729340	0.642 0.282 0.290
item_ammo_revolver_ttt	-3695.919434 -1259.607910 157.140717	0.610 0.046 -0.032
item_ammo_revolver_ttt	-3688.194824 -1262.462402 157.066833	0.732 -0.116 0.015
item_ammo_revolver_ttt	-4106.768555 -561.436951 157.198364	0.516 -3.311 0.009
item_ammo_revolver_ttt	-4095.360840 -559.857300 157.198959	0.641 0.101 -0.005
item_ammo_revolver_ttt	-2494.325684 -1552.899536 152.977463	0.710 0.349 -0.033
item_ammo_revolver_ttt	-2503.299072 -1544.143555 153.083817	0.478 2.196 0.004
item_ammo_revolver_ttt	-2468.302734 -1373.030762 154.719711	0.459 0.061 0.019
item_ammo_revolver_ttt	-2426.696045 -1372.660278 154.683670	0.449 0.064 0.029
item_ammo_revolver_ttt	-1785.482788 -1322.742065 177.402756	19.741 -2.163 0.061
item_ammo_revolver_ttt	-1741.396118 -1321.743408 139.309601	-88.897 -9.525 0.798
item_ammo_revolver_ttt	197.085938 406.927887 136.338654	0.452 0.066 0.052
item_ammo_revolver_ttt	207.609360 405.871948 136.389114	0.462 0.057 0.032
item_ammo_revolver_ttt	80.811607 745.184265 272.317169	0.448 0.075 0.060
item_ammo_revolver_ttt	79.616577 759.998718 272.378693	0.460 0.058 0.036
item_ammo_revolver_ttt	223.763245 923.802856 136.372986	0.459 0.059 0.038
item_ammo_revolver_ttt	237.296967 944.205017 136.328323	0.450 0.070 0.056
item_ammo_revolver_ttt	203.236420 1378.488159 136.338654	0.452 0.066 0.052
item_ammo_revolver_ttt	207.597641 1358.627319 136.375885	0.460 0.058 0.037
item_ammo_revolver_ttt	44.346684 -1543.763306 167.513214	0.481 -0.607 0.019
item_ammo_revolver_ttt	60.732964 -1546.735596 167.468002	0.460 0.054 0.020
item_ammo_revolver_ttt	4.578763 -1551.603638 167.440720	0.415 0.089 0.006
item_ammo_revolver_ttt	-26.378719 -1544.653564 167.397614	0.462 0.064 0.037
item_ammo_revolver_ttt	343.001129 -1665.651245 136.351868	0.455 0.062 0.047
item_ammo_revolver_ttt	298.703125 -1668.579102 136.369995	0.458 0.059 0.039
ttt_random_weapon	-3479.881104 2191.787354 137.215042	1.706 4.987 -92.985
ttt_random_weapon	-2273.010742 2168.703125 137.196884	1.910 4.782 -92.516
ttt_random_weapon	-2276.211670 2131.856934 137.208511	1.779 4.773 -92.817
ttt_random_weapon	-2219.566895 2479.964844 137.200623	1.868 4.779 -92.613
ttt_random_weapon	-1732.393066 2498.687012 137.202042	1.852 4.778 -92.649
ttt_random_weapon	-1714.145996 2150.319092 137.195297	1.928 4.784 -92.476
ttt_random_weapon	-1647.181030 2142.129395 137.209106	1.773 4.773 -92.832
ttt_random_weapon	-3859.716797 -859.999695 137.215088	1.705 4.768 -92.986
ttt_random_weapon	-3649.545166 -1138.967651 401.203400	1.837 4.777 -92.685
ttt_random_weapon	-1494.488159 -1490.074585 273.222565	1.621 4.762 -93.180
ttt_random_weapon	-1362.027588 -1306.498413 273.206665	1.800 4.775 -92.769
ttt_random_weapon	-1134.225220 606.925781 409.221802	1.629 4.763 -93.160
ttt_random_weapon	-1138.795166 558.587036 409.217499	1.678 4.766 -93.049
ttt_random_weapon	-2061.735840 -96.332924 273.227081	1.570 5.528 -93.297
weapon_ttt_pump_shotgun	-3238.603027 2291.029785 137.395355	-0.397 -18.861 -88.829
weapon_ttt_pump_shotgun	32.042789 1822.310303 137.502899	-0.518 -10.196 -89.841
weapon_ttt_pump_shotgun	8.444077 1859.939941 137.468567	-0.501 -9.595 -89.130
weapon_ttt_pump_shotgun	-2798.987793 -154.206604 198.408600	-0.613 -8.248 -89.586
weapon_ttt_pump_shotgun	-2953.759521 -157.350189 198.379486	-0.444 -8.637 -89.600
weapon_ttt_pump_shotgun	-1222.030396 -1386.470093 137.252014	-0.341 10.291 85.560
weapon_ttt_pump_shotgun	-2211.134277 -323.456970 137.502792	-0.521 -10.197 -90.012
weapon_ttt_pump_shotgun	-2304.520508 -325.263641 137.502899	-0.518 -10.196 -89.834
item_ammo_smg1_ttt	-3190.699707 2001.625732 157.284042	-0.072 -11.160 0.045
item_ammo_smg1_ttt	-3206.272949 1985.180908 157.216858	0.816 -3.442 0.240
item_ammo_smg1_ttt	-2729.219238 2161.159180 128.502884	0.347 0.420 0.594
item_ammo_smg1_ttt	-2713.383545 2161.206543 128.520767	-0.826 0.409 -0.260
item_ammo_smg1_ttt	-2692.446045 2161.143799 128.519897	-0.756 0.163 -0.207
item_ammo_smg1_ttt	-2665.767822 2161.311768 128.553650	-0.172 1.627 -0.049
item_ammo_smg1_ttt	-418.901062 1927.977295 136.508255	0.178 -2.130 0.246
item_ammo_smg1_ttt	-406.535370 1931.653442 136.514160	0.115 0.055 0.179
item_ammo_smg1_ttt	-420.632324 1960.578003 136.493210	-0.270 0.365 0.006
item_ammo_smg1_ttt	-408.486450 1959.205444 136.496857	-0.832 0.403 -0.100
item_ammo_smg1_ttt	-281.266754 1584.690063 136.484329	0.575 -0.048 0.336
item_ammo_smg1_ttt	-300.333862 1580.854370 136.404175	0.190 -0.005 0.116
item_ammo_smg1_ttt	-185.443344 1582.409058 136.499313	-0.822 0.011 -0.610
item_ammo_smg1_ttt	-166.745560 1582.519653 136.502991	-0.803 0.013 -0.600
item_ammo_smg1_ttt	251.440140 2035.991333 136.383881	0.126 -0.004 0.043
item_ammo_smg1_ttt	223.912735 2035.464478 136.389069	0.098 -0.005 0.053
item_ammo_smg1_ttt	236.261063 2027.936035 136.527390	-0.771 0.460 -0.268
item_ammo_smg1_ttt	117.622505 1744.177368 136.523834	-0.205 0.015 -0.179
item_ammo_smg1_ttt	129.903748 1742.202393 136.411224	0.268 -0.005 0.168
item_ammo_smg1_ttt	231.430603 1790.004395 136.529648	0.313 -0.322 0.439
item_ammo_smg1_ttt	150.349533 1789.999512 136.552216	0.293 -0.020 0.529
item_ammo_smg1_ttt	34.282825 1314.220581 136.430603	0.756 -0.002 0.495
item_ammo_smg1_ttt	50.082035 1313.592285 136.408920	0.239 -0.005 0.149
item_ammo_smg1_ttt	-3781.807861 -806.639160 400.556213	-0.381 -0.007 -0.206
item_ammo_smg1_ttt	-3769.964844 -821.740540 400.563263	0.000 -1.121 0.000
item_ammo_smg1_ttt	-3801.660400 -830.735901 400.404175	0.190 -0.005 0.116
item_ammo_smg1_ttt	-4428.193359 -805.777039 264.518066	-0.244 0.013 -0.211
item_ammo_smg1_ttt	-4351.487305 -800.728210 264.501678	-0.412 0.077 -0.151
item_ammo_smg1_ttt	-4337.638184 -820.404053 274.830750	47.726 51.346 87.387
item_ammo_smg1_ttt	-4217.320313 -989.012451 160.497528	0.865 0.013 -0.642
item_ammo_smg1_ttt	-4201.313477 -989.622070 160.458893	0.585 -0.329 -0.235
item_ammo_smg1_ttt	-4197.689941 -1008.216064 169.700363	0.368 33.484 87.991
item_ammo_smg1_ttt	-4255.079102 -1219.325806 160.420166	0.422 -0.004 0.272
item_ammo_smg1_ttt	-4229.435547 -1216.432251 160.432602	0.839 -0.001 0.551
item_ammo_smg1_ttt	-4279.174805 -1218.412354 160.430603	0.747 -0.002 0.489
item_ammo_smg1_ttt	-3612.120605 -809.989868 136.420151	0.423 -0.004 0.272
item_ammo_smg1_ttt	-3612.783447 -835.400574 136.420151	0.419 -0.004 0.270
item_ammo_smg1_ttt	-4315.404785 -276.371735 173.595413	0.065 1.305 -0.029
item_ammo_smg1_ttt	-4299.965332 -275.481262 173.581268	-0.789 0.005 -0.578
item_ammo_smg1_ttt	-4282.815430 -95.438278 136.496841	-0.862 -0.013 -0.640
item_ammo_smg1_ttt	-4263.747559 -94.907860 136.413513	0.301 -0.005 0.191
item_ammo_smg1_ttt	-2449.383789 914.288269 129.921585	-0.375 0.743 -10.049
item_ammo_smg1_ttt	-2474.969482 916.435608 128.534149	-0.447 0.063 -0.099
item_ammo_smg1_ttt	-2498.684082 916.938782 128.484390	-0.794 0.027 -0.207
item_ammo_smg1_ttt	-2441.594238 845.008545 128.509155	-0.831 0.061 -0.184
item_ammo_smg1_ttt	-2471.106201 845.127991 128.523468	-0.507 0.051 -0.123
item_ammo_smg1_ttt	-2500.740723 844.463623 128.411224	0.265 -0.005 0.166
item_ammo_smg1_ttt	-3256.973145 1107.472046 136.408905	0.237 -0.005 0.148
item_ammo_smg1_ttt	-3254.130371 1067.523438 136.434570	0.944 -0.000 0.621
item_ammo_smg1_ttt	-3295.103516 1086.559814 136.512634	-0.289 0.012 -0.244
item_ammo_smg1_ttt	-3410.606934 1071.129028 136.417969	0.373 -0.005 0.238
item_ammo_smg1_ttt	-3409.719238 1116.820557 136.515274	-0.250 0.013 -0.218
item_ammo_smg1_ttt	-3372.756592 1095.390381 136.424423	0.531 -0.004 0.344
item_ammo_smg1_ttt	-2474.338623 159.236176 128.532028	-0.170 0.017 -0.144
item_ammo_smg1_ttt	-2473.670410 179.143158 128.500259	-1.033 0.035 -0.257
item_ammo_smg1_ttt	-2527.460449 186.097382 128.394257	0.121 -0.005 0.069
item_ammo_smg1_ttt	-2922.050293 -286.019623 379.501160	0.828 -0.011 -0.619
item_ammo_smg1_ttt	-2938.870117 -286.368134 379.422333	-0.476 0.004 0.308
item_ammo_smg1_ttt	-2955.637451 -285.604950 379.389069	-0.098 0.005 0.053
item_ammo_smg1_ttt	-2921.439453 -192.656052 379.424438	-0.534 0.004 0.347
item_ammo_smg1_ttt	-2943.313477 -194.282501 379.404175	-0.191 0.005 0.116
item_ammo_smg1_ttt	-2964.335205 -193.490738 379.428589	-0.670 0.003 0.437
item_ammo_smg1_ttt	-2666.586914 386.816559 379.482635	0.789 -0.003 -0.633
item_ammo_smg1_ttt	-2669.832764 361.216431 379.401764	0.170 -0.005 0.102
item_ammo_smg1_ttt	-2739.760498 376.462799 379.526154	0.193 -0.016 -0.169
item_ammo_smg1_ttt	-2740.187500 348.883453 379.434601	-0.945 0.000 0.621
item_ammo_smg1_ttt	-3072.754639 381.929504 379.527802	-0.196 0.016 -0.169
item_ammo_smg1_ttt	-3077.589111 354.495728 379.522827	0.041 0.041 -0.153
item_ammo_smg1_ttt	-3060.845947 349.892456 384.995697	88.601 9.089 6.159
item_ammo_smg1_ttt	-2288.377197 -1464.157715 0.505227	-0.595 0.010 -0.455
item_ammo_smg1_ttt	-2307.677734 -1453.962524 0.483103	-0.141 0.351 0.284
item_ammo_smg1_ttt	-2307.652100 -1482.698242 0.538209	-0.131 0.017 -0.114
item_ammo_smg1_ttt	-2174.270020 -1448.407715 0.415755	0.334 -0.005 0.212
item_ammo_smg1_ttt	-2156.510986 -1445.809937 0.529397	0.114 1.134 0.184
item_ammo_smg1_ttt	-2144.136963 -1459.548096 0.467803	-0.250 -0.416 0.037
item_ammo_smg1_ttt	-2159.611816 -1684.548340 41.042610	-0.000 2.461 0.001
item_ammo_smg1_ttt	-2159.243408 -1652.837891 41.043156	-0.000 1.061 -0.000
item_ammo_smg1_ttt	-2177.874023 -1686.092529 41.042568	-0.000 3.095 0.001
item_ammo_smg1_ttt	-2175.461670 -1651.604004 41.043293	-0.000 1.733 0.000
item_ammo_smg1_ttt	-1578.600586 -1402.863892 136.476135	-0.557 0.076 0.253
item_ammo_smg1_ttt	-1561.537354 -1403.753906 136.526962	0.207 -0.016 -0.177
item_ammo_smg1_ttt	-1543.788574 -1402.266724 136.383728	-0.079 0.005 0.040
item_ammo_smg1_ttt	-1451.449829 -1363.927734 176.399292	0.153 -0.005 0.091
item_ammo_smg1_ttt	-1435.176514 -1372.179199 176.437042	1.109 0.002 0.731
item_ammo_smg1_ttt	-1412.668091 -1390.443359 176.499832	-0.840 0.011 -0.625
item_ammo_smg1_ttt	-684.766357 -1665.664917 136.424423	0.534 -0.004 0.347
item_ammo_smg1_ttt	-686.440674 -1624.897217 136.411224	0.266 -0.005 0.167
item_ammo_smg1_ttt	-660.539307 -1669.965210 136.456055	0.190 -0.134 0.065
item_ammo_smg1_ttt	-1703.520142 -1288.932983 312.633820	-0.060 -0.042 1.217
item_ammo_smg1_ttt	-1719.034424 -1285.073120 312.503540	-0.660 0.011 -0.498
item_ammo_smg1_ttt	-1776.135742 -1286.605347 315.846741	1.716 0.575 -2.361
item_ammo_smg1_ttt	-1094.301514 566.766724 272.391693	0.109 -0.005 0.061
item_ammo_smg1_ttt	-1107.613159 564.122070 272.396790	0.137 -0.005 0.080
item_ammo_smg1_ttt	-1103.152466 523.146423 272.535004	-0.147 0.017 -0.129
item_ammo_smg1_ttt	-1304.168823 271.541168 272.424438	0.534 -0.004 0.347
item_ammo_smg1_ttt	-1286.020386 267.407990 272.433716	-0.089 -0.062 0.023
item_ammo_smg1_ttt	-1055.025146 653.317200 272.479401	0.206 0.000 0.021
item_ammo_smg1_ttt	-1052.054077 683.478210 272.525024	-0.200 0.016 -0.174
item_ammo_smg1_ttt	-1046.673096 711.594788 272.428589	0.662 -0.003 0.432
item_ammo_smg1_ttt	-1018.921021 719.257507 272.479431	-0.079 -0.002 -0.163
item_ammo_smg1_ttt	-1120.062744 693.838623 136.500381	-0.794 0.013 -0.590
item_ammo_smg1_ttt	-1105.982544 694.997559 136.479904	0.210 0.000 0.022
item_ammo_smg1_ttt	-1190.235962 100.309662 136.417984	-0.374 0.005 0.239
item_ammo_smg1_ttt	-1206.391479 109.855606 136.476318	-0.556 0.014 0.246
item_ammo_smg1_ttt	623.685547 813.215088 272.502777	-0.731 0.011 -0.547
item_ammo_smg1_ttt	633.863281 778.580261 272.401764	0.169 -0.005 0.102
item_ammo_smg1_ttt	88.419319 1377.445068 272.417969	0.373 -0.005 0.239
item_ammo_smg1_ttt	125.178543 1370.630859 272.422302	0.476 -0.004 0.308
item_ammo_smg1_ttt	521.815552 1293.974365 136.504349	0.661 -0.012 -0.504
item_ammo_smg1_ttt	548.152466 1295.641113 136.404175	-0.191 0.005 0.116
item_ammo_smg1_ttt	442.966949 922.316223 272.479065	0.508 -0.001 0.217
item_ammo_smg1_ttt	436.619965 945.820923 272.477753	0.547 -0.083 0.241
item_ammo_smg1_ttt	422.226929 981.846191 272.512482	0.320 -0.100 0.533
item_ammo_smg1_ttt	101.007317 702.160950 272.516388	-0.247 0.013 -0.209
item_ammo_smg1_ttt	117.852409 701.624268 272.503906	-0.733 0.011 -0.552
item_ammo_smg1_ttt	76.575912 225.688416 272.408905	-0.237 0.005 0.147
item_ammo_smg1_ttt	42.881828 241.238327 272.422302	-0.476 0.004 0.308
item_ammo_smg1_ttt	-961.603149 -452.180267 136.522629	-0.212 0.015 -0.185
item_ammo_smg1_ttt	-946.810425 -485.390900 136.420151	0.424 -0.004 0.273
item_ammo_smg1_ttt	-1013.924622 -167.345306 136.501602	-0.814 0.011 -0.607
item_ammo_smg1_ttt	-1028.615723 -207.570724 136.541962	-0.119 0.018 -0.102
item_ammo_smg1_ttt	-2302.144043 -115.129257 272.420166	-0.424 0.004 0.273
item_ammo_smg1_ttt	-2302.181152 -136.424683 272.470520	0.132 -0.122 0.147
item_ammo_smg1_ttt	-2080.296631 -445.946075 272.530365	-0.176 0.017 -0.153
item_ammo_smg1_ttt	482.273712 -1473.894653 136.411224	0.265 -0.005 0.166
item_ammo_smg1_ttt	507.695038 -1475.563599 136.522125	-0.228 0.015 -0.192
item_ammo_smg1_ttt	433.756042 -1593.339600 136.531357	-0.166 0.017 -0.145
item_ammo_smg1_ttt	412.215881 -1594.033447 136.417969	0.377 -0.005 0.242
item_ammo_smg1_ttt	-1470.452148 1357.380493 137.324478	-0.220 1.046 -5.483
item_ammo_smg1_ttt	-1452.237183 1371.205811 136.519424	-0.228 0.014 -0.199
item_ammo_smg1_ttt	-1477.281494 979.137451 136.511017	0.027 0.263 0.098
item_ammo_smg1_ttt	-1456.921631 980.177002 136.479767	0.209 0.000 0.022
item_ammo_smg1_ttt	-1478.725952 1184.877441 136.483170	-0.378 -0.001 -0.368
item_ammo_smg1_ttt	-1457.904419 1185.738159 136.424423	0.534 -0.004 0.347
weapon_zm_molotov	-3092.701660 1936.333740 286.127716	-1.021 -1.553 -1.560
weapon_zm_molotov	-3102.153076 1934.447144 286.112854	-1.168 -1.481 -1.787
weapon_zm_molotov	22.496815 1767.707275 136.118042	-1.118 -1.329 -1.707
weapon_zm_molotov	37.486481 1765.401855 136.119705	-1.100 -1.420 -1.682
weapon_zm_molotov	154.430374 1375.452148 136.140656	-0.892 -1.606 -1.362
weapon_zm_molotov	156.627457 1348.730713 136.150787	-0.792 -1.677 -1.208
weapon_zm_molotov	165.320511 1328.949707 136.183167	-0.471 -1.747 -0.714
weapon_zm_molotov	-4296.596680 -1115.229004 161.705963	-50.975 -75.826 -86.393
weapon_zm_molotov	-4295.297363 -1107.404663 160.167725	-0.624 -1.722 -0.950
weapon_zm_molotov	-4294.773926 -1095.326782 160.124542	-1.070 -1.484 -1.598
weapon_zm_molotov	-3220.961914 1209.968994 128.135086	-1.017 -1.284 -0.593
weapon_zm_molotov	-3220.517090 1201.296631 128.121307	-1.164 -1.249 -0.678
weapon_zm_molotov	-3439.656738 822.456909 128.160797	-0.743 -1.330 -0.433
weapon_zm_molotov	-3441.263428 810.964294 128.170456	-0.641 -1.344 -0.373
weapon_zm_molotov	-735.021362 -1291.619385 136.158691	-0.713 -1.695 -1.087
weapon_zm_molotov	-767.721863 -1292.266724 136.159760	-0.703 -1.707 -1.071
weapon_zm_molotov	-822.828247 -1336.413940 136.136536	-0.933 -1.615 -1.425
weapon_zm_molotov	-912.057129 179.478577 408.149597	-0.804 -1.679 -1.226
weapon_zm_molotov	-933.280090 182.867722 408.149597	-0.804 -1.679 -1.226
weapon_zm_molotov	-924.109985 210.548172 408.144592	-0.853 -1.651 -1.302
weapon_zm_molotov	-1212.183228 463.254852 136.144592	-0.853 -1.651 -1.302
weapon_zm_molotov	-1176.120605 444.791168 136.156525	-0.735 -1.696 -1.120
weapon_zm_molotov	833.158813 -602.003174 143.458801	-1.113 -1.532 -1.132
weapon_zm_molotov	823.533630 -601.603638 143.447556	-1.353 -1.483 -1.377
ttt_playerspawn	-240.522156 1747.313721 136.599823	-0.000 -0.000 0.000
ttt_playerspawn	190.958450 1926.248413 136.599808	-0.000 0.000 0.000
ttt_playerspawn	222.075684 1683.175781 136.583527	0.026 0.000 0.026
ttt_playerspawn	260.639435 1489.027832 136.599808	-0.000 0.000 -0.000
ttt_playerspawn	95.566948 859.619019 136.599808	0.000 -0.000 -0.000
ttt_playerspawn	275.134857 1148.740723 136.599808	0.000 -0.000 -0.000
ttt_playerspawn	537.680359 1026.686768 272.599792	-0.000 -0.000 -0.000
ttt_playerspawn	81.290573 348.766357 272.599792	0.000 0.000 -0.000
ttt_playerspawn	461.157715 -33.303951 257.039124	0.054 0.000 0.054
ttt_playerspawn	738.782837 -963.752502 136.588821	-0.017 0.000 -0.017
ttt_playerspawn	660.240234 -1522.350708 136.599808	-0.000 -0.000 0.000
ttt_playerspawn	-124.378876 -1270.973145 136.599808	0.000 -0.000 -0.000
ttt_playerspawn	-994.437622 -1367.489014 136.547043	0.169 1.819 0.001
ttt_playerspawn	-753.971985 -1538.338623 136.488312	-0.064 0.001 0.050
ttt_playerspawn	-1149.812622 -1332.966064 272.599792	0.000 -0.000 -0.000
ttt_playerspawn	-902.879761 -1409.700928 400.599854	-0.000 -0.000 0.000
ttt_playerspawn	-2346.929199 -1470.340332 136.599808	-0.000 -0.000 0.000
ttt_playerspawn	-2290.437988 -1762.635376 290.459137	-89.871 -91.038 89.431
ttt_playerspawn	-2262.457275 -1703.676758 0.577891	0.003 -0.356 -0.073
ttt_playerspawn	-4185.287598 -1105.164307 160.516022	-0.001 -0.257 -0.268
ttt_playerspawn	-3848.853027 -1123.955078 264.599792	-0.000 -0.000 0.000
ttt_playerspawn	-4137.478027 -406.058807 136.575043	0.040 -0.000 -0.039
ttt_playerspawn	-4187.018066 1001.648560 136.599808	0.000 -0.000 0.000
ttt_playerspawn	-3154.738281 2182.115479 136.599808	-0.000 -0.000 -0.000
ttt_playerspawn	-1899.438843 2324.835938 154.499786	-90.000 -178.876 180.000
ttt_playerspawn	-2017.735840 2214.209473 270.599792	0.000 -0.000 -0.000
ttt_playerspawn	-1287.805420 1099.822876 136.599808	0.000 -0.000 -0.000
ttt_playerspawn	-1416.189941 197.251114 136.599808	-0.000 -0.000 -0.000
ttt_playerspawn	-1255.837402 -330.986938 136.599808	0.000 -0.000 -0.000
ttt_playerspawn	-2367.768311 -269.324158 272.599792	-0.000 -0.000 0.000
ttt_playerspawn	-2909.115723 210.511230 179.599792	-0.000 0.000 -0.000
ttt_playerspawn	-3345.446777 -130.543762 128.563095	0.058 -0.000 -0.058
ttt_playerspawn	-2861.943359 1037.729736 128.546249	0.085 -0.000 -0.085
item_box_buckshot_ttt	-3288.227539 2306.405273 136.355240	1.042 0.000 -0.837
item_box_buckshot_ttt	-3275.600830 2305.966064 136.461227	-0.402 -0.006 0.358
item_box_buckshot_ttt	-3226.640137 2268.978271 136.338028	0.453 0.004 -0.356
item_box_buckshot_ttt	-3227.322754 2252.758301 136.421799	-0.713 -0.006 0.634
item_box_buckshot_ttt	-4.664227 1819.079712 136.393890	-0.947 -0.003 0.843
item_box_buckshot_ttt	-6.468989 1832.770508 136.389862	-0.975 0.004 0.869
item_box_buckshot_ttt	-5.931619 1882.143188 136.441269	-0.560 -0.007 0.497
item_box_buckshot_ttt	-5.276807 1901.849731 136.371872	0.765 -0.120 -0.530
item_box_buckshot_ttt	-3800.798340 -941.459229 264.442322	-0.552 -0.007 0.490
item_box_buckshot_ttt	-3817.057129 -944.324219 264.391449	-0.980 0.004 0.868
item_box_buckshot_ttt	-3795.927490 -1235.698364 264.443909	-0.540 -0.424 1.247
item_box_buckshot_ttt	-3815.629150 -1231.246704 264.406982	-0.830 -0.003 0.737
item_box_buckshot_ttt	-3805.877686 -952.854614 264.334961	0.386 0.004 -0.301
item_box_buckshot_ttt	-3800.331543 -1215.678955 264.372162	0.763 -0.121 -0.526
item_box_buckshot_ttt	-2827.523193 -161.207092 197.317230	0.013 0.054 0.007
item_box_buckshot_ttt	-2843.626465 -163.026337 197.339035	-0.357 0.186 -0.261
item_box_buckshot_ttt	-2851.657471 -158.657043 197.309189	0.498 -1.915 0.013
item_box_buckshot_ttt	-2984.762451 -157.199905 197.307831	0.082 1.322 0.123
item_box_buckshot_ttt	-2993.483887 -153.024643 197.368256	0.290 -12.636 -0.278
item_box_buckshot_ttt	-3004.414795 -154.060547 197.270370	-0.798 -0.010 -0.585
item_box_buckshot_ttt	-2043.301025 -1444.696533 0.399883	-0.891 -0.016 0.793
item_box_buckshot_ttt	-2052.963135 -1446.238647 0.374180	0.752 -0.022 -0.520
item_box_buckshot_ttt	-2033.107910 -1448.917847 0.409890	-1.023 -0.006 0.799
item_box_buckshot_ttt	-2044.099609 -1470.851807 0.391346	-0.980 0.004 0.869
item_box_buckshot_ttt	-2034.799927 -1471.581177 0.398571	-0.923 -0.010 0.817
item_box_buckshot_ttt	-2054.844482 -1470.231445 0.410089	-1.002 -0.003 0.796
item_box_buckshot_ttt	-2312.397217 -1265.867310 272.449371	-0.496 -0.007 0.441
item_box_buckshot_ttt	-2329.586182 -1264.845581 272.382446	-0.409 0.000 0.417
item_box_buckshot_ttt	-2345.994385 -1262.265137 272.404602	-1.039 -0.007 0.837
item_box_buckshot_ttt	-2087.823975 -1250.923096 272.409515	-1.014 0.097 0.802
item_box_buckshot_ttt	-2110.812012 -1246.883423 272.369659	0.777 0.008 -0.539
item_box_buckshot_ttt	-2131.711914 -1246.792969 272.427948	-0.080 -0.120 -0.008
item_box_buckshot_ttt	-1228.782715 -1349.910278 136.338028	0.453 0.004 -0.357
item_box_buckshot_ttt	-1214.107544 -1350.508179 136.413193	-0.781 -0.006 0.694
item_box_buckshot_ttt	-1223.447632 -1383.435913 136.431213	1.460 -0.173 -0.375
item_box_buckshot_ttt	-1446.382813 107.315369 272.462921	-0.390 -0.006 0.346
item_box_buckshot_ttt	-1443.518555 130.717316 272.369843	0.776 0.008 -0.537
item_box_buckshot_ttt	-1464.808472 113.854767 272.433197	-0.623 -0.006 0.554
item_box_buckshot_ttt	-2309.128174 -79.310753 136.490265	0.541 -0.075 -0.133
item_box_buckshot_ttt	-2270.538330 -79.181961 136.490234	0.824 -0.098 -0.345
item_box_buckshot_ttt	-2227.245117 -79.370949 136.415405	1.465 -0.055 -0.414
item_box_buckshot_ttt	-2197.645996 -79.335533 136.456894	1.372 -0.114 -0.346
item_box_buckshot_ttt	-1103.034790 1440.391479 136.437958	-0.586 -0.007 0.520
item_box_buckshot_ttt	-1086.980835 1438.104492 136.392227	-0.962 -0.003 0.857
item_box_buckshot_ttt	-1098.639282 1420.439697 136.436829	-0.596 -0.007 0.529
item_box_buckshot_ttt	-1084.833618 1422.023926 136.389603	-0.995 0.018 0.882
weapon_ttt_galil	-2643.650635 2172.781006 128.932144	21.805 -0.568 11.599
weapon_ttt_galil	193.998886 1785.228149 137.164078	0.814 -12.943 -87.645
weapon_ttt_galil	48.288174 1345.014771 136.776840	-1.413 -0.183 86.944
weapon_ttt_galil	-4243.497559 -1201.210083 161.173889	0.785 -12.945 -87.714
weapon_ttt_galil	-4269.044434 -108.670509 136.812241	-1.556 12.986 87.038
weapon_ttt_galil	-2460.583496 886.929138 138.580185	-1.471 21.980 87.000
weapon_ttt_galil	-1493.026978 -1377.246948 176.780655	-1.575 5.870 86.892
weapon_ttt_galil	-1035.220093 604.891235 273.101776	0.998 -12.933 -87.210
weapon_ttt_galil	-1041.774170 564.528931 273.390411	0.356 -14.961 -90.784
weapon_ttt_galil	618.450562 792.891846 273.138855	0.888 -12.939 -87.469
weapon_ttt_galil	-893.751038 -467.478546 137.080109	1.062 -12.929 -87.058
weapon_ttt_galil	-1075.487061 -157.441177 137.180496	0.765 -12.946 -87.760
weapon_ttt_p90	-252.250443 1584.202515 137.283951	0.662 1.219 -87.598
weapon_ttt_p90	-213.700531 1581.439331 137.281464	0.658 1.223 -87.540
weapon_ttt_p90	-4384.590820 -809.410339 265.283142	0.661 1.221 -87.580
weapon_ttt_p90	-4238.788086 -993.710815 161.280563	0.657 1.224 -87.519
weapon_ttt_p90	-2513.111816 879.816650 137.062958	-4.368 5.989 -89.295
weapon_ttt_p90	-2120.165771 -1663.864380 41.746437	0.634 1.314 -87.190
weapon_ttt_p90	-2128.261963 -1686.040405 41.613361	1.004 3.366 -86.273
weapon_ttt_p90	-1142.503052 102.496887 137.283676	0.662 1.221 -87.592
weapon_ttt_p90	451.869507 1294.521729 137.278549	0.654 1.226 -87.472
weapon_ttt_p90	614.492920 1286.247192 137.278931	0.655 1.226 -87.481
weapon_ttt_p90	477.698303 -1507.590820 137.266205	0.636 1.200 -87.184
weapon_ttt_p90	-1470.780029 1001.258606 137.283676	0.662 1.221 -87.592
weapon_ttt_p90	-1475.682007 1197.429199 137.280563	0.657 1.224 -87.519
weapon_ttt_famas	-2765.636475 2165.169678 129.120056	0.056 8.280 89.751
weapon_ttt_famas	-4301.904297 -282.007904 174.511414	-0.102 16.401 91.654
weapon_ttt_famas	-3260.537354 1096.807373 137.153381	0.026 15.426 89.795
weapon_ttt_famas	-3398.458496 1100.573242 137.085266	0.000 16.677 89.374
weapon_ttt_famas	-1571.833618 -1425.754761 137.149567	0.029 15.424 89.768
weapon_ttt_famas	-1743.642334 -1299.549805 314.301178	5.320 -15.116 -90.863
weapon_ttt_famas	538.689575 1141.561279 273.149750	0.029 15.424 89.770
weapon_ttt_famas	579.810303 1139.834839 273.156067	0.023 15.426 89.813
weapon_ttt_famas	-1458.741089 1353.584229 136.620575	0.529 14.584 84.694
ttt_random_ammo	-3509.195801 2177.504883 136.370987	0.102 0.000 0.058
ttt_random_ammo	-3489.704346 2176.771729 136.337662	0.047 0.000 -0.025
ttt_random_ammo	-2342.356201 2141.016846 136.392319	0.600 0.005 0.677
ttt_random_ammo	-2337.866455 2152.684814 136.317459	0.047 -0.000 0.035
ttt_random_ammo	-2330.594971 2172.544434 136.349030	0.050 -0.000 0.014
ttt_random_ammo	-2310.524902 2190.948730 136.377853	0.147 0.001 0.118
ttt_random_ammo	-2312.415283 2471.298096 136.367310	0.081 0.000 0.033
ttt_random_ammo	-2313.237793 2492.979980 136.355438	0.056 0.000 -0.004
ttt_random_ammo	-1655.732056 2560.320801 136.361526	0.066 0.000 0.011
ttt_random_ammo	-1661.470703 2435.308350 136.409561	1.745 0.030 2.104
ttt_random_ammo	-1590.401245 2190.628174 136.325287	0.046 0.000 -0.031
ttt_random_ammo	-1582.786255 2114.532227 136.370972	0.098 0.000 0.055
ttt_random_ammo	-3806.100098 -873.446350 136.363495	0.070 0.000 0.017
ttt_random_ammo	-3821.011475 -852.493225 136.367310	0.081 0.000 0.033
ttt_random_ammo	-3630.459473 -1160.870117 400.322693	0.046 0.000 -0.033
ttt_random_ammo	-3651.539063 -1156.913452 400.361511	0.066 0.000 0.011
ttt_random_ammo	-1528.578247 -1476.672729 272.393066	0.800 -0.008 -0.920
ttt_random_ammo	-1498.551147 -1462.627808 272.438324	1.183 0.029 1.429
ttt_random_ammo	-1472.481445 -1471.402344 272.335266	0.046 -0.000 0.026
ttt_random_ammo	-1398.145386 -1316.992798 272.421722	1.529 0.036 1.848
ttt_random_ammo	-1348.028198 -1337.380859 272.386749	0.307 0.002 0.317
ttt_random_ammo	-1312.280029 -1306.526611 272.370941	0.095 -0.000 -0.052
ttt_random_ammo	-1203.863159 650.236023 408.393066	0.703 0.007 0.802
ttt_random_ammo	-1221.557739 622.488892 408.430237	1.356 0.033 1.638
ttt_random_ammo	-1224.753662 603.761658 408.372742	0.108 0.000 0.068
ttt_random_ammo	-2040.918823 -104.605110 272.332825	0.046 -0.000 0.028
weapon_zm_rifle	-3276.166504 1956.375000 285.137299	3.584 12.655 65.202
weapon_zm_rifle	-2049.789063 2098.967773 269.143982	3.568 12.656 65.234
weapon_zm_rifle	97.024513 2036.760132 135.137299	3.584 12.655 65.202
weapon_zm_rifle	151.838943 2034.044312 135.074524	3.735 12.649 64.900
weapon_zm_rifle	213.992538 1529.280518 135.213043	3.402 12.662 65.566
weapon_zm_rifle	-4347.250000 779.122681 285.176056	3.517 1.913 65.666
weapon_zm_rifle	-3608.692139 -979.817322 399.042542	3.812 12.647 64.747
weapon_zm_rifle	-4198.135742 -568.982666 285.101624	3.670 12.652 65.031
weapon_zm_rifle	-2660.411865 -1398.393799 407.089874	3.698 12.651 64.974
weapon_zm_rifle	-2018.958252 -1363.039307 407.189117	3.459 12.660 65.451
weapon_zm_rifle	-1616.886841 -1358.408325 271.277313	3.138 99.849 66.087
weapon_zm_rifle	-925.481506 -1314.624756 399.069092	3.748 12.650 64.874
weapon_zm_rifle	-1021.425903 -1377.363281 401.298157	-0.000 46.560 -89.724
weapon_zm_rifle	-1772.737793 -1469.602783 399.199463	3.434 12.661 65.501
weapon_zm_rifle	-146.319336 -1359.959351 399.122620	3.619 12.654 65.132
weapon_zm_rifle	388.633209 241.716064 399.140686	3.576 12.656 65.218
weapon_zm_rifle	611.040588 1340.075806 431.057739	3.775 12.648 64.820
weapon_zm_rifle	-1462.152222 1229.626221 327.214172	3.399 12.662 65.571
weapon_zm_rifle	-1262.364380 386.102386 623.063477	3.761 12.649 64.847
weapon_zm_rifle	-4055.457520 840.236816 285.175568	3.492 12.659 65.386
weapon_zm_rifle	-1031.440186 196.658005 407.159302	3.561 5.241 65.616
weapon_zm_rifle	-966.052979 712.934082 407.042542	3.812 12.647 64.747
weapon_zm_mac10	-411.328339 1866.246460 137.265884	-0.588 -53.916 -88.391
weapon_zm_mac10	-412.181824 1891.713623 137.276489	-0.467 -53.907 -88.351
weapon_zm_mac10	-2511.245605 159.632126 129.234695	-0.721 -51.675 -88.228
weapon_zm_mac10	-2285.280762 -1447.554443 1.250174	-0.767 -53.926 -88.451
weapon_zm_mac10	-2256.439209 -1441.700073 1.353070	-0.498 -52.644 -89.208
weapon_zm_mac10	-1305.054321 242.039017 273.258636	-0.671 -53.922 -88.419
weapon_zm_mac10	-1108.528320 718.041138 137.288849	-0.326 -53.902 -88.304
weapon_zm_mac10	67.283333 695.491638 273.260162	-0.653 -53.920 -88.413
weapon_zm_mac10	115.496819 245.608063 273.257843	-0.680 -53.922 -88.422
weapon_zm_pistol	-3592.921387 -808.955078 264.825378	0.475 -36.213 -88.080
weapon_zm_pistol	-3605.483887 -808.581055 264.855957	0.384 -36.239 -88.408
weapon_zm_pistol	-1348.630249 100.351723 408.847900	0.408 -36.232 -88.322
weapon_zm_pistol	-1344.384033 127.167168 408.108246	7.050 -2.068 -2.809
weapon_zm_pistol	-1249.852661 1237.208862 136.799225	0.553 -36.189 -87.799
weapon_zm_pistol	-1209.818481 1239.985840 136.834808	0.447 -36.223 -88.181
weapon_zm_pistol	-1163.446289 1239.670288 136.867233	0.351 -36.246 -88.529
weapon_ttt_p228	-164.423615 2035.691162 136.175766	36.390 0.398 0.158
weapon_ttt_p228	-158.076981 2027.060059 136.167084	36.454 0.419 0.192
weapon_ttt_p228	-3840.914307 -1380.476685 136.186935	36.683 0.364 0.037
weapon_ttt_p228	-2258.821045 -1364.162842 136.169235	36.438 0.414 0.183
weapon_ttt_p228	-2256.079102 -1371.882935 136.178665	36.368 0.392 0.146
weapon_ttt_p228	-1304.312622 -1493.964355 136.165588	36.465 0.422 0.198
weapon_ttt_p228	-1300.815063 -1504.799561 136.181366	36.348 0.385 0.135
weapon_ttt_p228	622.114563 387.154633 272.160004	36.507 0.435 0.220
weapon_ttt_p228	623.418884 376.568207 272.175140	36.394 0.400 0.160
weapon_ttt_p228	-2946.273193 -1427.574829 172.244995	-0.710 33.912 90.016
weapon_ttt_p228	-2041.823486 -531.577576 136.150894	36.574 0.457 0.256
weapon_ttt_p228	-2036.458008 -500.207123 136.177689	36.721 -0.739 -0.912
weapon_ttt_p228	256.243256 -1576.972656 167.866898	-1.048 33.133 89.548
item_ammo_pistol_ttt	-2842.930176 2000.145874 128.368805	-0.114 -0.019 -0.034
item_ammo_pistol_ttt	-2859.956055 2003.130371 128.333267	-0.145 -0.018 -0.044
item_ammo_pistol_ttt	-3151.873779 1889.290527 136.374557	-0.108 -0.019 -0.033
item_ammo_pistol_ttt	-3141.347900 1897.620117 136.338196	-0.140 -0.019 -0.042
item_ammo_pistol_ttt	-3161.813965 1903.743896 136.354309	-0.126 -0.019 -0.038
item_ammo_pistol_ttt	-423.255707 1636.952148 136.467911	-0.112 0.439 0.042
item_ammo_pistol_ttt	-417.072174 1635.260376 136.484863	0.278 0.337 0.000
item_ammo_pistol_ttt	-411.123627 1652.736694 136.470947	0.068 0.999 0.065
item_ammo_pistol_ttt	-422.499207 1659.090088 145.229233	1.124 -17.607 -87.370
item_ammo_pistol_ttt	-421.956268 1771.145386 136.382004	0.023 0.031 0.003
item_ammo_pistol_ttt	-419.696533 1796.693359 136.398117	-0.191 0.429 0.197
item_ammo_pistol_ttt	-410.557556 1770.598022 136.338409	0.032 0.030 0.004
item_ammo_pistol_ttt	-413.602478 1792.184082 136.420517	-0.295 0.227 0.409
item_ammo_pistol_ttt	-403.143127 1768.708862 136.417313	-1.184 0.002 0.227
item_ammo_pistol_ttt	-400.179016 1789.371948 145.198273	-1.731 19.193 -87.082
item_ammo_pistol_ttt	-245.481461 2033.176392 136.335968	0.032 0.030 0.004
item_ammo_pistol_ttt	-227.645447 2033.478516 136.367004	0.026 0.031 0.004
item_ammo_pistol_ttt	-235.033798 2033.590942 136.428894	0.014 0.031 0.002
item_ammo_pistol_ttt	-215.417252 2033.901489 136.428070	-1.045 -0.855 0.122
item_ammo_pistol_ttt	-198.343460 2033.042114 136.483948	-0.031 -0.750 0.055
item_ammo_pistol_ttt	-204.681534 2026.262329 136.477127	0.434 1.308 -0.000
item_ammo_pistol_ttt	-130.072723 2031.519165 136.325607	-0.151 -0.018 -0.046
item_ammo_pistol_ttt	-138.308594 2032.027954 136.333267	-0.145 -0.018 -0.044
item_ammo_pistol_ttt	-119.160568 2034.441650 136.409683	-0.078 -0.020 -0.024
item_ammo_pistol_ttt	349.334137 1992.839844 136.362778	-0.119 -0.019 -0.036
item_ammo_pistol_ttt	341.090118 1994.788574 136.333267	-0.145 -0.018 -0.044
item_ammo_pistol_ttt	331.795074 1995.652710 136.402695	-0.084 -0.020 -0.025
item_ammo_pistol_ttt	-4113.505859 790.888184 157.148193	0.212 0.029 0.036
item_ammo_pistol_ttt	-4119.522461 792.044189 157.044220	-0.531 -0.044 0.219
item_ammo_pistol_ttt	-4128.635254 1083.784546 172.356674	-0.028 -0.030 0.004
item_ammo_pistol_ttt	-4156.428223 1083.809937 172.354309	0.126 0.019 -0.038
item_ammo_pistol_ttt	-4136.000488 1082.269165 172.360916	-0.027 -0.031 0.004
item_ammo_pistol_ttt	-4149.411133 1084.211060 172.335754	0.142 0.019 -0.043
item_ammo_pistol_ttt	-3589.830078 -823.583618 264.362762	-0.119 -0.019 -0.036
item_ammo_pistol_ttt	-3598.999512 -825.587769 264.425537	-0.064 -0.020 -0.019
item_ammo_pistol_ttt	-4173.601563 -805.344849 136.425949	0.186 -0.920 0.155
item_ammo_pistol_ttt	-4161.497559 -816.459717 139.347290	89.217 143.202 -179.168
item_ammo_pistol_ttt	-4167.300293 -810.474915 141.429535	62.573 -38.532 -38.515
item_ammo_pistol_ttt	-4241.828613 -803.921875 136.407761	1.039 -0.483 0.165
item_ammo_pistol_ttt	-4235.812988 -808.487732 136.417923	0.183 -0.584 -0.161
item_ammo_pistol_ttt	-4242.534180 -828.409851 136.378265	-0.105 -0.020 -0.032
item_ammo_pistol_ttt	-3855.870850 -1379.578857 136.404495	0.764 -0.129 0.198
item_ammo_pistol_ttt	-3864.027100 -1369.254883 139.279282	-89.226 127.976 -148.533
item_ammo_pistol_ttt	-4381.977051 -448.121246 136.352112	-0.128 -0.019 -0.039
item_ammo_pistol_ttt	-4368.086914 -451.090057 136.372681	-0.110 -0.019 -0.033
item_ammo_pistol_ttt	-4357.712891 -447.955109 136.416153	-0.072 -0.020 -0.022
item_ammo_pistol_ttt	-3405.537842 1191.604614 136.446365	-0.304 0.669 0.243
item_ammo_pistol_ttt	-3411.735596 1183.662720 139.326889	-88.739 174.243 -176.883
item_ammo_pistol_ttt	-3393.766357 1192.691650 136.338409	0.032 0.030 0.004
item_ammo_pistol_ttt	-3248.688965 1188.370361 136.398239	-0.088 -0.020 -0.027
item_ammo_pistol_ttt	-3260.065918 1191.478516 136.335754	-0.142 -0.019 -0.043
item_ammo_pistol_ttt	-3273.079590 1192.086304 136.360718	-0.121 -0.019 -0.036
item_ammo_pistol_ttt	-3246.278564 972.153625 136.358612	-0.122 -0.019 -0.037
item_ammo_pistol_ttt	-3254.957764 967.232483 136.391968	-0.093 -0.020 -0.028
item_ammo_pistol_ttt	-3412.784912 960.280823 136.409683	-0.078 -0.020 -0.024
item_ammo_pistol_ttt	-3399.656494 961.008667 136.325607	-0.151 -0.018 -0.046
item_ammo_pistol_ttt	-2848.846436 199.515854 197.235245	0.075 0.058 0.007
item_ammo_pistol_ttt	-2838.668213 201.291779 197.239853	0.125 0.028 -0.024
item_ammo_pistol_ttt	-2829.807129 202.577759 197.237732	0.127 0.028 -0.024
item_ammo_pistol_ttt	-3006.899170 208.628372 197.283966	-0.465 0.014 -0.105
item_ammo_pistol_ttt	-2999.751465 207.172516 197.293076	0.086 0.052 -0.027
item_ammo_pistol_ttt	-2991.209229 206.108810 197.246765	0.135 0.048 -0.045
item_ammo_pistol_ttt	-2830.806885 36.391113 197.358856	-0.123 -1.008 -0.067
item_ammo_pistol_ttt	-2840.622314 34.556107 197.370270	0.015 0.030 -0.002
item_ammo_pistol_ttt	-2851.561523 32.071125 197.245071	-2.106 0.004 0.268
item_ammo_pistol_ttt	-2984.507568 41.847923 197.298828	0.337 -0.007 0.046
item_ammo_pistol_ttt	-2991.911865 42.727486 197.222198	0.142 -0.017 0.033
item_ammo_pistol_ttt	-3000.513428 41.605907 197.274689	0.097 0.034 -0.009
item_ammo_pistol_ttt	-2250.780518 -1386.993652 136.432892	-0.057 -0.020 -0.017
item_ammo_pistol_ttt	-2251.112793 -1405.473877 136.441177	-0.383 0.632 -0.499
item_ammo_pistol_ttt	-2259.610352 -1388.288086 136.381851	-0.102 -0.020 -0.031
item_ammo_pistol_ttt	-2259.085938 -1411.954468 136.342972	-0.136 -0.019 -0.041
item_ammo_pistol_ttt	-1321.436646 -1490.465820 136.322968	-0.154 -0.018 -0.047
item_ammo_pistol_ttt	-1327.633667 -1493.754028 136.345306	-0.134 -0.019 -0.041
item_ammo_pistol_ttt	-1354.007568 -1490.048950 136.456314	0.113 1.727 0.118
item_ammo_pistol_ttt	-1339.744141 -1490.283936 136.360718	-0.121 -0.019 -0.036
item_ammo_pistol_ttt	-1175.977051 -1410.217163 176.360703	-0.121 -0.019 -0.037
item_ammo_pistol_ttt	-1174.959229 -1378.835815 176.338196	-0.140 -0.019 -0.043
item_ammo_pistol_ttt	-1168.307495 -1348.411865 176.374557	-0.109 -0.020 -0.033
item_ammo_pistol_ttt	-1766.272095 -1318.231689 272.409668	-0.078 -0.020 -0.024
item_ammo_pistol_ttt	-1767.043823 -1342.001221 272.452911	0.949 -0.254 0.009
item_ammo_pistol_ttt	-1753.429565 -1323.982422 272.340607	-0.138 -0.019 -0.042
item_ammo_pistol_ttt	-1753.584473 -1346.370117 272.434601	0.439 -0.234 0.158
item_ammo_pistol_ttt	-1753.581665 -1362.030396 278.237396	-1.072 -7.269 41.168
item_ammo_pistol_ttt	-1764.784058 -1368.825195 272.358612	-0.123 -0.019 -0.037
item_ammo_pistol_ttt	-1347.581055 145.622208 408.335754	-0.142 -0.019 -0.043
item_ammo_pistol_ttt	-1347.533936 168.162384 408.366852	-0.115 -0.019 -0.035
item_ammo_pistol_ttt	-1344.193115 192.015091 408.378265	-0.105 -0.020 -0.032
item_ammo_pistol_ttt	-1343.034180 222.962830 408.333282	-0.145 -0.018 -0.044
item_ammo_pistol_ttt	-1474.147339 140.552521 408.352112	-0.128 -0.019 -0.039
item_ammo_pistol_ttt	-1473.242188 158.886246 408.441559	-0.336 0.674 -0.481
item_ammo_pistol_ttt	-1471.434937 177.367630 408.472992	0.517 0.521 0.000
item_ammo_pistol_ttt	-1470.799805 193.448669 414.279938	-1.080 2.928 -41.607
item_ammo_pistol_ttt	-1273.868530 326.231995 408.427765	-0.342 0.717 -0.573
item_ammo_pistol_ttt	-1261.898804 326.431976 408.402893	0.973 0.132 -0.011
item_ammo_pistol_ttt	-1246.158447 326.351624 408.435852	-0.202 0.317 -0.414
item_ammo_pistol_ttt	-1235.617432 326.268097 408.464630	-0.160 0.564 -0.273
item_ammo_pistol_ttt	-1213.344849 326.239716 408.459961	-0.299 0.477 -0.349
item_ammo_pistol_ttt	-1193.457031 326.337463 408.436554	1.051 0.112 -0.064
item_ammo_pistol_ttt	-1078.814941 188.290115 408.385345	-0.099 -0.020 -0.030
item_ammo_pistol_ttt	-1093.666138 186.977798 408.335754	-0.142 -0.019 -0.043
item_ammo_pistol_ttt	-1071.166626 162.048660 408.325623	-0.151 -0.018 -0.046
item_ammo_pistol_ttt	-1085.988892 162.676208 408.435822	-0.055 -0.020 -0.017
item_ammo_pistol_ttt	-1071.362793 136.821609 408.387024	-0.098 -0.020 -0.030
item_ammo_pistol_ttt	-1092.837646 137.839111 408.360718	-0.121 -0.019 -0.037
item_ammo_pistol_ttt	-1070.494141 204.683960 272.391968	-0.093 -0.020 -0.028
item_ammo_pistol_ttt	-1089.534302 209.971649 272.335754	-0.142 -0.019 -0.043
item_ammo_pistol_ttt	197.924133 502.347687 136.345306	-0.134 -0.019 -0.041
item_ammo_pistol_ttt	214.042709 503.792603 136.452911	-0.040 -0.020 -0.012
item_ammo_pistol_ttt	628.787903 406.063324 272.368805	-0.114 -0.019 -0.034
item_ammo_pistol_ttt	-1347.916504 -177.122833 136.352112	-0.128 -0.019 -0.039
item_ammo_pistol_ttt	-1350.393311 -199.420807 136.425552	-0.064 -0.020 -0.019
item_ammo_pistol_ttt	-1686.768677 -485.597382 136.440384	-0.051 -0.020 -0.015
item_ammo_pistol_ttt	-1690.007080 -466.351288 136.335754	-0.142 -0.019 -0.043
item_ammo_pistol_ttt	-1694.522827 -515.215332 136.322968	-0.154 -0.018 -0.047
item_ammo_pistol_ttt	-3007.124512 -1423.530273 171.780060	-0.464 1.588 0.126
item_ammo_pistol_ttt	-3000.812256 -1440.424072 172.559067	-1.761 -0.126 4.740
item_ammo_pistol_ttt	-2970.622314 -1448.473877 171.685394	0.138 0.020 -0.031
item_ammo_pistol_ttt	-2966.837402 -1426.066406 171.729630	0.101 0.021 -0.023
item_ammo_pistol_ttt	-2030.247925 -349.478760 136.422623	-0.295 0.104 -0.395
item_ammo_pistol_ttt	-2030.387817 -374.402466 136.452011	-0.713 0.322 -0.521
item_ammo_pistol_ttt	-2031.630249 -392.747253 136.433258	-0.400 0.142 -0.554
item_ammo_pistol_ttt	-2030.294678 -415.093567 136.434464	-0.312 0.395 -0.519
item_ammo_pistol_ttt	852.886230 -827.609253 157.172241	-0.689 0.027 0.187
item_ammo_pistol_ttt	833.083679 -825.622620 157.135803	-0.248 0.104 0.070
item_ammo_pistol_ttt	817.798096 -824.246643 158.040924	0.215 -0.113 6.348
item_ammo_pistol_ttt	854.643127 -1313.853516 170.007111	0.081 0.021 -0.020
item_ammo_pistol_ttt	848.619690 -1313.864014 169.988129	0.095 0.020 -0.020
item_ammo_pistol_ttt	259.048126 -1588.399414 168.152328	0.407 0.042 4.840
item_ammo_pistol_ttt	247.338806 -1610.137085 167.405197	0.031 0.064 -0.072
item_ammo_pistol_ttt	-1276.054321 1239.300293 136.443909	1.694 0.194 0.191
item_ammo_pistol_ttt	-1310.679077 1239.501343 136.389099	0.823 0.036 0.093
item_ammo_pistol_ttt	-1341.413818 1234.542480 136.362778	-0.119 -0.019 -0.036
item_ammo_pistol_ttt	-1469.199463 1088.969727 136.388855	0.022 0.031 0.003
item_ammo_pistol_ttt	-1471.781616 1130.765259 136.330978	0.033 0.028 0.005
item_ammo_pistol_ttt	-1457.776367 1126.657471 136.340820	0.031 0.030 0.004
item_ammo_pistol_ttt	-1454.545776 1089.530640 136.395294	0.021 0.031 0.003
weapon_ttt_confgrenade	-2815.984131 2019.362305 130.046173	-37.051 -58.171 -89.370
weapon_ttt_confgrenade	-2815.288086 2045.080078 130.046173	-37.051 -58.171 -89.370
weapon_ttt_confgrenade	22.847588 1741.983032 138.168381	14.770 -26.186 -90.636
weapon_ttt_confgrenade	35.457432 1740.769531 138.248657	13.761 -26.475 -92.173
weapon_ttt_confgrenade	108.504692 1365.147095 138.205170	14.311 -26.323 -91.338
weapon_ttt_confgrenade	76.432220 1366.579712 138.156189	14.921 -26.140 -90.404
weapon_ttt_confgrenade	62.519482 1362.232056 138.096313	15.648 -25.903 -89.271
weapon_ttt_confgrenade	-4295.849609 -1083.955200 162.194626	13.177 -22.456 -91.421
weapon_ttt_confgrenade	-4287.835938 -1089.880005 163.192657	-69.204 4.348 -172.252
weapon_ttt_confgrenade	-2523.677002 1151.049683 130.075897	-37.245 -57.797 -90.004
weapon_ttt_confgrenade	-2522.874268 1142.112427 130.007843	-36.794 -58.636 -88.559
weapon_ttt_confgrenade	-3035.702148 1196.240967 129.977142	-36.587 -58.993 -87.917
weapon_ttt_confgrenade	-3038.350098 1177.462036 129.953003	-36.422 -59.273 -87.418
weapon_ttt_confgrenade	-3051.764404 681.088867 130.075897	-37.245 -57.797 -90.004
weapon_ttt_confgrenade	-3059.042480 680.982361 129.999420	-36.738 -58.740 -88.382
weapon_ttt_confgrenade	-664.052185 -1343.763794 138.151001	14.984 -26.123 -90.306
weapon_ttt_confgrenade	-641.296082 -1357.768555 138.177460	14.657 -26.221 -90.809
weapon_ttt_confgrenade	-627.750122 -1371.169189 138.116348	15.407 -25.986 -89.649
weapon_ttt_confgrenade	-869.272217 157.801086 410.058807	16.107 -25.736 -88.563
weapon_ttt_confgrenade	-873.825684 192.790863 410.161407	14.862 -26.163 -90.502
weapon_ttt_confgrenade	-875.224121 204.942307 410.170929	14.744 -26.197 -90.683
weapon_ttt_confgrenade	-1198.421753 543.908569 138.106613	15.525 -25.947 -89.465
weapon_ttt_confgrenade	-1240.132568 570.673828 139.321991	6.466 -29.018 -111.220
weapon_ttt_confgrenade	-1243.872559 567.762329 137.985336	-36.625 -77.789 -88.515
weapon_ttt_confgrenade	816.061890 -478.098999 173.158844	-35.229 -56.396 -89.073
weapon_ttt_confgrenade	773.365540 -482.540375 173.205170	-35.911 -55.808 -90.129
weapon_ttt_confgrenade	776.101440 -494.495575 173.303421	-37.310 -54.602 -92.462
weapon_ttt_confgrenade	803.926392 -493.350433 173.172318	-35.427 -56.230 -89.377
weapon_ttt_confgrenade	539.594116 -1548.470093 138.145660	15.049 -26.101 -90.205
weapon_ttt_confgrenade	557.907349 -1591.909912 138.054245	16.151 -25.717 -88.479
weapon_ttt_m16	-404.447357 1720.490112 137.057907	0.407 2.341 -82.413
weapon_ttt_m16	-403.820496 1744.678345 137.331924	2.192 18.299 -87.331
weapon_ttt_m16	-4062.680908 1019.313416 177.149536	2.114 -3.546 84.020
weapon_ttt_m16	-2802.998047 44.289120 197.700455	2.456 -6.031 83.964
weapon_ttt_m16	-2957.489746 37.953514 197.774399	1.743 -5.784 84.469
weapon_ttt_m16	-1078.930420 252.994263 408.850189	2.090 -5.965 83.973
weapon_ttt_m16	-1081.880249 232.073425 408.850769	2.088 -5.963 83.969
weapon_ttt_m16	842.561279 -1340.635376 170.463837	2.159 0.044 83.932
item_ammo_357_ttt	-3322.100830 1943.355713 286.408539	0.526 1.131 -0.044
item_ammo_357_ttt	-3333.327637 1944.934692 291.645630	-43.697 -172.183 180.000
item_ammo_357_ttt	-2086.674072 2090.325928 270.371490	0.459 0.059 0.039
item_ammo_357_ttt	-2102.580322 2089.559814 270.348236	0.454 0.064 0.048
item_ammo_357_ttt	15.238991 2039.627441 136.449158	0.851 -0.415 -0.562
item_ammo_357_ttt	34.351170 2039.867798 136.418533	1.309 1.094 -0.160
item_ammo_357_ttt	52.103916 2039.534058 136.406555	0.465 0.056 0.025
item_ammo_357_ttt	65.576187 2038.876221 136.334610	0.452 0.066 0.053
item_ammo_357_ttt	161.780228 1530.727905 136.374832	0.382 0.377 0.110
item_ammo_357_ttt	168.030945 1525.438965 139.309540	89.038 -12.956 -0.000
item_ammo_357_ttt	-4359.445801 787.234497 286.340637	0.453 0.066 0.051
item_ammo_357_ttt	-4343.593262 785.126343 286.351868	0.455 0.062 0.047
item_ammo_357_ttt	-3594.910156 -1001.155579 400.332550	0.451 0.066 0.054
item_ammo_357_ttt	-3612.921875 -999.073303 400.365356	0.458 0.060 0.041
item_ammo_357_ttt	-4199.472168 -612.376648 286.372986	0.459 0.059 0.038
item_ammo_357_ttt	-4207.913574 -615.301636 286.425262	0.469 0.056 0.018
item_ammo_357_ttt	-2664.282959 -1382.943604 408.340637	0.453 0.066 0.051
item_ammo_357_ttt	-2649.832520 -1383.348145 408.357117	0.456 0.062 0.045
item_ammo_357_ttt	-2008.400635 -1390.143555 408.332550	0.451 0.066 0.054
item_ammo_357_ttt	-2029.099365 -1384.851440 408.336670	0.452 0.066 0.053
item_ammo_357_ttt	-1561.675293 -1378.516479 290.738007	-0.510 -1.410 0.000
item_ammo_357_ttt	-1561.513550 -1409.089233 290.723877	-0.647 -0.007 0.049
item_ammo_357_ttt	-876.874939 -1309.495117 400.323944	0.450 0.070 0.058
item_ammo_357_ttt	-879.271179 -1327.743164 400.363739	0.457 0.060 0.042
item_ammo_357_ttt	-1013.868652 -1405.286499 400.340607	0.453 0.066 0.051
item_ammo_357_ttt	-1009.864624 -1394.551270 400.427795	0.909 -0.356 -0.903
item_ammo_357_ttt	-1772.938232 -1443.980591 400.392700	0.463 0.057 0.030
item_ammo_357_ttt	-1748.427856 -1445.589844 400.323944	0.450 0.070 0.058
item_ammo_357_ttt	-151.905228 -1388.803833 400.420990	0.468 0.056 0.019
item_ammo_357_ttt	-147.319458 -1326.145874 400.323944	0.450 0.070 0.058
item_ammo_357_ttt	355.607971 234.054245 400.344482	0.454 0.064 0.049
item_ammo_357_ttt	335.095612 227.086655 400.374451	0.459 0.059 0.038
item_ammo_357_ttt	634.522522 1368.734863 432.429169	0.470 0.056 0.016
item_ammo_357_ttt	618.816162 1299.989502 432.344482	0.454 0.064 0.050
item_ammo_357_ttt	-1478.973022 1236.554321 328.328308	0.450 0.070 0.056
item_ammo_357_ttt	-1485.023438 1186.297119 328.332520	0.451 0.066 0.054
item_ammo_357_ttt	-1230.638550 400.473633 624.346375	0.454 0.064 0.049
item_ammo_357_ttt	-1225.475586 380.982819 624.358826	0.456 0.062 0.044
item_ammo_357_ttt	-4053.905518 815.781616 286.387878	0.462 0.057 0.032
item_ammo_357_ttt	-4074.122803 813.712036 286.363739	0.457 0.060 0.042
item_ammo_357_ttt	-1042.204834 220.991547 408.399445	0.464 0.057 0.028
item_ammo_357_ttt	-1013.403320 211.165833 408.338654	0.452 0.066 0.052
item_ammo_357_ttt	-912.434937 713.988647 408.413818	0.467 0.056 0.022
item_ammo_357_ttt	-1034.732300 714.571533 408.312500	0.447 0.075 0.062
weapon_zm_shotgun	-3279.657471 2314.220703 137.064423	-0.282 -8.770 -83.841
weapon_zm_shotgun	-3812.268799 -912.383057 265.001221	-0.366 -15.827 -83.238
weapon_zm_shotgun	-3812.179932 -1311.390381 265.485046	-1.398 -14.776 -87.814
weapon_zm_shotgun	-2004.946045 -1453.621826 1.067315	-0.288 -8.769 -83.867
weapon_zm_shotgun	-2004.505371 -1479.485840 0.983413	-0.118 -8.759 -83.088
weapon_zm_shotgun	-2326.343018 -1246.053345 273.125916	-0.407 -8.787 -84.413
weapon_zm_shotgun	-2111.096191 -1237.897339 273.122498	-0.400 -8.786 -84.381
weapon_zm_shotgun	-1403.823608 102.851357 273.033936	-0.221 -8.764 -83.557
weapon_zm_shotgun	-1034.576050 1430.699463 137.043259	-0.239 -8.765 -83.644
weapon_zm_shotgun	-978.088623 1427.721436 137.019653	-0.192 -8.763 -83.424
weapon_zm_sledge	-3670.655273 2208.193115 133.752197	12.386 0.417 2.711
weapon_zm_sledge	-4166.865723 -119.718636 133.752716	12.467 0.417 2.715
weapon_zm_sledge	-2666.918945 -249.397400 382.052399	-5.417 20.780 89.269
weapon_zm_sledge	-884.865967 152.896698 269.752136	12.374 0.417 2.711
weapon_zm_sledge	-1197.273804 -385.911346 133.743530	18.524 -5.153 3.144
weapon_zm_sledge	-1141.136841 1356.927002 134.643600	8.413 6.158 22.561
weapon_zm_revolver	-3103.696045 2309.810059 136.970642	2.012 -20.561 -85.775
weapon_zm_revolver	-3400.651367 1935.568481 286.970581	1.961 -20.578 -85.863
weapon_zm_revolver	34.500340 913.496887 136.970581	1.970 -20.577 -85.847
weapon_zm_revolver	32.426937 894.536621 136.970642	2.019 -20.555 -85.761
weapon_zm_revolver	-3691.945068 -1278.975342 157.669556	2.353 -20.311 -85.407
weapon_zm_revolver	-2424.603760 -1573.759399 153.583801	1.454 -20.358 -86.745
weapon_zm_revolver	-1792.222900 -1332.955566 177.636917	1.982 -18.576 -93.144
weapon_zm_revolver	105.313599 749.351746 272.970581	1.970 -20.577 -85.847
weapon_zm_revolver	251.016510 925.526306 136.970490	1.883 -20.613 -85.999
weapon_zm_revolver	317.523804 -1665.277588 136.970551	1.937 -20.588 -85.905
weapon_ttt_aug	-3222.008789 2030.134399 136.634521	-0.033 71.081 87.948
weapon_ttt_aug	133.802444 1724.971802 136.543991	0.110 9.529 86.809
weapon_ttt_aug	-3640.054443 -814.982483 136.521591	0.086 9.732 86.552
weapon_ttt_aug	-2695.590576 380.076996 379.549408	0.065 9.732 86.703
weapon_ttt_aug	-3113.134521 377.715210 379.495331	0.106 9.729 86.409
weapon_ttt_aug	-1089.378052 550.414490 272.469360	0.187 18.253 86.468
weapon_ttt_aug	82.962814 1342.501343 272.576569	0.044 9.731 86.851
weapon_ttt_aug	433.249573 -1612.406616 136.564316	0.053 9.732 86.784
weapon_ttt_sg552	-3199.433594 1887.730713 137.053131	2.068 1.608 -84.514
weapon_ttt_sg552	343.095215 2009.368652 137.045227	2.232 1.621 -84.715
weapon_ttt_sg552	-2799.012207 204.686813 197.930344	2.314 1.688 -84.815
weapon_ttt_sg552	-2957.563477 198.547562 197.931854	2.282 -0.570 -84.776
weapon_ttt_sg552	-1175.424438 -1443.129272 177.033203	2.481 2.113 -85.019
weapon_ttt_sg552	-1467.857056 115.664574 408.939667	1.490 4.927 -82.559
weapon_ttt_sg552	833.187439 -817.053528 157.791183	-0.384 1.508 -80.700