# Trouble in Terrorist Town weapon/ammo placement overrides
# For map: ttt_juveniledetention_v1
# Exported by: Super Blargio
setting:	replacespawns 1
weapon_ttt_dual_elites	-1192.364746 -603.026001 211.970978	1.732 26.982 0.244
weapon_ttt_dual_elites	-1214.821045 -603.360901 212.039474	1.727 21.350 0.332
weapon_ttt_dual_elites	-1240.758667 -672.358154 239.983856	1.985 0.160 -0.063
weapon_ttt_dual_elites	-1241.182251 -686.606018 239.983856	1.985 0.160 -0.063
weapon_ttt_dual_elites	-1243.453979 -701.863586 240.101257	1.750 -0.054 -0.143
weapon_ttt_dual_elites	-1245.637085 -712.524353 239.981659	2.048 0.156 -0.396
weapon_ttt_dual_elites	-1185.267090 1046.169312 -465.168488	2.032 -0.299 0.869
weapon_ttt_dual_elites	-1853.646973 -660.191589 31.969988	2.007 0.163 -0.059
weapon_ttt_smokegrenade	-1148.281982 -150.720734 32.182949	-1.356 -1.417 -1.198
weapon_ttt_smokegrenade	-1159.270020 -494.279846 356.200012	-0.968 -1.480 -0.695
weapon_ttt_smokegrenade	-1161.949829 -461.989807 356.185760	-1.429 -1.452 -1.028
weapon_ttt_smokegrenade	-1177.216797 -444.265503 356.170319	-1.930 -1.379 -1.389
weapon_ttt_smokegrenade	-1175.727905 -474.683929 356.194672	-1.141 -1.472 -0.820
weapon_ttt_smokegrenade	-1174.427979 -507.673096 356.143188	-2.812 -0.989 -2.035
weapon_ttt_smokegrenade	-1189.103882 -461.135925 356.171173	-1.902 -1.380 -1.370
weapon_ttt_smokegrenade	-1191.113770 -491.954498 356.151825	-2.532 -1.217 -1.825
weapon_ttt_smokegrenade	-1931.167847 -715.955322 475.162537	-2.465 -1.325 -1.347
weapon_ttt_smokegrenade	-1931.662842 -752.715271 475.165863	-0.992 1.382 -1.185
weapon_ttt_smokegrenade	-1913.468872 -733.971008 475.172729	-2.588 -1.250 -0.699
weapon_ttt_smokegrenade	-1922.834473 -734.250732 356.163879	-0.662 -1.711 -1.009
weapon_ttt_mp5	-1249.914551 1045.302979 -472.684784	5.805 -5.085 95.702
weapon_ttt_mp5	-847.234009 872.586182 -462.942200	0.468 -0.827 -86.604
weapon_ttt_mp5	-931.015381 128.767166 59.432781	-7.278 0.959 -2.066
weapon_ttt_mp5	-1674.864990 -557.358582 355.503235	-7.545 1.266 -1.719
weapon_ttt_mp5	-1445.139526 -25.255783 212.940826	0.863 89.529 -85.616
weapon_ttt_magnum	-1166.304810 -88.533340 33.984581	9.185 26.184 74.334
weapon_ttt_magnum	-1164.142456 -108.405106 33.965160	8.661 26.404 75.528
weapon_ttt_magnum	-1166.153076 -122.113037 33.987320	9.261 26.145 74.161
weapon_ttt_magnum	-1947.923706 -148.092758 357.987518	8.825 26.020 75.696
weapon_ttt_glock	-1482.953979 -898.269531 385.110687	-0.680 25.626 91.315
weapon_ttt_glock	-1594.793945 -45.141998 249.479721	0.272 77.893 90.451
weapon_ttt_glock	-1596.653564 -33.217125 249.395493	-0.376 11.558 90.284
weapon_ttt_smg	-69.142326 -1437.725952 64.314308	1.365 7.408 89.504
weapon_ttt_smg	-224.571564 124.108261 65.643608	5.053 0.191 0.304
weapon_ttt_smg	-448.324524 217.441696 64.303749	1.371 5.285 89.638
weapon_ttt_smg	-157.194138 84.569916 65.562653	5.096 0.211 0.778
weapon_ttt_smg	-1678.154175 -733.127502 217.684509	4.918 0.315 1.398
weapon_ttt_smg	-1681.117920 -748.665527 217.691391	4.935 0.291 1.121
item_ammo_revolver_ttt	-1774.715210 -298.384613 127.370003	0.458 0.059 0.039
item_ammo_revolver_ttt	-1766.204712 -300.579224 127.357109	0.456 0.062 0.044
item_ammo_revolver_ttt	-1758.260132 -302.238800 127.372986	0.459 0.059 0.038
item_ammo_revolver_ttt	-1785.454346 -294.944061 127.380066	0.460 0.058 0.035
item_ammo_revolver_ttt	-1140.377197 -78.833801 32.312412	0.447 0.073 0.063
item_ammo_revolver_ttt	-1141.089966 -93.260986 32.338596	0.452 0.065 0.053
item_ammo_revolver_ttt	-1139.222656 -105.944862 32.451488	-0.834 0.200 0.671
item_ammo_revolver_ttt	-1139.256958 -117.071213 32.410583	0.677 -0.112 -0.348
item_ammo_revolver_ttt	-1139.466919 -128.903732 32.334557	0.451 0.065 0.054
item_ammo_revolver_ttt	-1960.775757 -166.602280 356.425812	1.174 -0.439 -1.120
item_ammo_revolver_ttt	-1960.820435 -151.771423 356.322632	0.634 -0.073 -0.117
item_ammo_revolver_ttt	-1960.729980 -139.231277 356.441193	1.360 -0.246 -1.037
item_ammo_revolver_ttt	-1960.774170 -126.841721 356.449646	0.584 -0.006 -0.365
item_ammo_revolver_ttt	-1960.807983 -113.980614 356.370178	0.802 -0.121 -0.548
item_ammo_revolver_ttt	-1488.423462 -929.808960 32.381481	0.918 -0.074 -0.857
item_ammo_revolver_ttt	-1496.613281 -929.755188 32.392372	1.193 0.797 -0.262
item_ammo_revolver_ttt	-1506.003052 -929.925232 32.438122	1.056 -0.030 -0.863
item_ammo_revolver_ttt	-1514.338623 -929.848938 32.383900	1.704 -0.466 -0.435
item_ammo_revolver_ttt	-1632.357666 -929.935730 32.448036	1.205 0.096 -0.830
item_ammo_revolver_ttt	-1641.028564 -930.003418 32.455971	1.147 -0.468 -0.677
item_ammo_revolver_ttt	-1650.833862 -929.987366 32.447662	1.136 -0.408 -0.786
item_ammo_revolver_ttt	-1659.309082 -929.948914 32.458076	0.767 -0.038 -0.377
item_ammo_revolver_ttt	-1222.979736 -867.882690 240.393845	0.463 0.055 0.030
item_ammo_revolver_ttt	-1224.753052 -839.653381 240.355331	0.455 0.060 0.046
item_ammo_revolver_ttt	-1626.292358 -546.234009 238.323868	0.449 0.068 0.059
item_ammo_revolver_ttt	-1964.786499 -518.013550 212.386749	0.829 -0.104 -0.618
item_ammo_revolver_ttt	-1962.995483 -507.274811 212.450424	1.095 -0.422 -0.718
item_ammo_revolver_ttt	-1964.743042 -495.523499 212.440475	1.014 -0.028 -0.800
item_ammo_revolver_ttt	-1964.772949 -481.683716 212.425812	1.028 -0.425 -1.015
item_ammo_revolver_ttt	-1300.331909 -58.668930 243.943909	0.762 -0.203 -0.162
item_ammo_revolver_ttt	-1785.704712 -55.439388 392.724670	0.314 -0.128 0.119
item_ammo_revolver_ttt	-1955.591309 -37.290058 356.346313	0.453 0.061 0.050
item_ammo_revolver_ttt	-1934.528564 -18.413591 356.397217	0.463 0.054 0.029
item_ammo_revolver_ttt	-1036.435791 849.622803 -463.554047	0.943 -0.380 -0.672
item_ammo_revolver_ttt	-1021.989746 849.616516 -463.539093	0.664 -0.366 -0.264
item_ammo_revolver_ttt	-1011.299438 849.617798 -463.549652	0.874 -0.374 -0.562
item_ammo_revolver_ttt	-1000.610352 849.623535 -463.566193	1.203 -0.378 -1.028
item_ammo_revolver_ttt	-92.817543 -1014.938171 64.403107	0.605 -0.058 -0.233
item_ammo_revolver_ttt	-92.754639 -1002.523132 64.475021	1.874 0.304 -0.928
item_ammo_revolver_ttt	-92.733765 -981.413696 64.463783	1.372 0.316 -0.728
item_ammo_revolver_ttt	-92.740761 -1042.172363 64.432983	1.338 -0.061 -1.136
item_ammo_revolver_ttt	-1543.431519 -166.162735 -463.648804	0.840 1.058 0.012
item_ammo_revolver_ttt	-1532.083008 -166.198929 -463.615417	0.844 1.291 0.019
item_ammo_revolver_ttt	-1519.053955 -166.044250 -463.552490	0.939 0.309 -0.006
item_ammo_revolver_ttt	-1507.724365 -166.101257 -463.540649	1.089 3.353 0.036
item_ammo_revolver_ttt	-1747.651123 -925.942932 212.471207	1.183 -0.179 -0.451
item_ammo_revolver_ttt	-1761.738647 -926.003601 212.474503	1.721 -0.190 -0.826
item_ammo_revolver_ttt	-1772.712646 -926.001404 212.450958	0.598 -0.252 -0.357
item_ammo_revolver_ttt	-1789.454102 -926.137085 212.461411	0.922 -0.214 -0.440
ttt_random_weapon	-1403.931396 25.581480 213.180862	1.883 16.176 -93.399
ttt_random_weapon	43.071861 805.612366 -462.185577	0.055 -4.342 84.606
ttt_random_weapon	42.380375 788.619446 -462.788910	1.750 4.586 -92.883
ttt_random_weapon	43.597759 667.563538 -462.786377	1.722 4.611 -92.948
ttt_random_weapon	42.394363 651.540466 -462.755676	1.374 4.530 -93.744
ttt_random_weapon	1244.628906 95.956902 57.189697	1.991 4.921 -92.331
ttt_random_weapon	1369.659302 99.977341 57.193962	1.943 4.925 -92.441
ttt_random_weapon	1519.850342 96.881752 57.206257	1.805 4.927 -92.758
ttt_random_weapon	1635.960815 98.460625 57.216713	1.687 4.924 -93.029
ttt_random_weapon	1650.438721 781.975891 57.226589	1.575 4.917 -93.284
ttt_random_weapon	1553.008667 779.997925 57.197147	1.907 4.928 -92.523
ttt_random_weapon	1428.282471 778.013245 57.202274	1.850 4.928 -92.656
ttt_random_weapon	1296.622437 775.554077 57.215752	1.698 4.925 -93.004
ttt_random_weapon	765.135498 -181.485382 65.213211	1.726 4.926 -92.938
ttt_random_weapon	757.634460 -327.268341 65.221519	1.632 4.921 -93.153
ttt_random_weapon	747.187561 -454.895996 65.200867	1.865 4.929 -92.619
ttt_random_weapon	731.297363 -580.968079 65.193962	1.943 4.925 -92.441
ttt_random_weapon	744.393616 -697.036621 65.193962	1.943 4.925 -92.441
ttt_random_weapon	-934.621094 559.288147 57.223457	1.611 4.920 -93.203
ttt_random_weapon	-871.782349 559.138062 57.200867	1.865 4.929 -92.619
ttt_random_weapon	-808.885925 559.003479 57.213207	1.726 4.926 -92.938
ttt_random_weapon	-744.160889 558.854370 57.203644	1.834 4.930 -92.691
ttt_random_weapon	-935.149475 610.384827 57.198669	1.890 4.927 -92.563
ttt_random_weapon	-870.114807 612.951782 57.228745	1.551 4.915 -93.340
ttt_random_weapon	-807.292297 615.406860 57.201576	1.857 4.928 -92.638
ttt_random_weapon	-741.475952 617.990112 57.200146	1.874 4.930 -92.601
ttt_random_weapon	-935.097107 661.847534 57.211590	1.745 4.927 -92.896
ttt_random_weapon	-863.621460 663.107727 57.196369	1.916 4.929 -92.503
ttt_random_weapon	-803.600708 664.168213 57.191441	1.972 4.920 -92.376
ttt_random_weapon	-732.294128 665.439148 57.198669	1.890 4.927 -92.563
ttt_random_weapon	-727.127319 705.412354 57.200146	1.874 4.930 -92.601
ttt_random_weapon	-794.731445 707.684265 57.240250	1.420 4.903 -93.639
ttt_random_weapon	-866.651611 708.006958 57.209892	1.764 4.928 -92.852
ttt_random_weapon	-932.667419 707.271057 57.209309	1.770 4.927 -92.837
ttt_random_weapon	-125.284210 458.988464 -459.340668	0.655 -2.090 -113.330
ttt_random_weapon	-186.263458 462.792816 -459.201904	-4.299 -17.220 57.871
ttt_random_weapon	-247.384064 454.328491 -457.885376	-7.038 14.754 74.204
ttt_random_weapon	-309.159607 461.577850 -460.861084	3.749 22.267 75.793
ttt_random_weapon	-1936.751709 4.938958 357.213531	1.723 4.982 -92.945
ttt_random_weapon	-1633.005859 105.217911 357.231598	1.518 4.979 -93.414
ttt_random_weapon	-1544.656128 19.648138 357.173950	2.168 1.900 -91.926
ttt_random_weapon	-1528.696045 -22.755152 137.956741	1.562 4.758 -93.314
ttt_random_weapon	-1640.877930 -742.009338 33.207508	1.791 4.928 -92.791
ttt_random_weapon	-1850.869019 -540.015198 33.212139	1.738 4.926 -92.910
ttt_random_weapon	-1156.411377 -514.032898 33.224548	1.598 4.919 -93.231
ttt_random_weapon	-1515.511230 59.551769 357.190582	1.143 82.670 -95.011
ttt_random_weapon	1058.720459 1003.642639 65.225250	1.590 4.919 -93.249
ttt_random_weapon	-1714.379395 -189.290115 213.222519	1.621 4.988 -93.179
ttt_random_weapon	-1686.459839 -527.015747 213.213211	1.726 4.926 -92.938
weapon_ttt_pump_shotgun	-1249.653687 -365.131073 -462.550720	-0.495 -9.615 -88.975
weapon_ttt_pump_shotgun	-1818.293701 -299.872162 213.567947	-0.511 -96.532 -90.151
weapon_ttt_pump_shotgun	20.263655 1067.105347 65.486961	-0.418 -9.748 -89.592
weapon_ttt_pump_shotgun	-1680.066528 -638.842712 213.552612	-0.527 -9.504 -89.805
weapon_ttt_pump_shotgun	-1679.275513 -667.712769 213.431015	-0.401 -12.936 -89.140
weapon_ttt_pump_shotgun	-1225.821045 -54.224598 245.301270	4.803 -3.685 -86.913
weapon_ttt_pump_shotgun	-1936.539673 -334.834412 213.437180	-0.491 -8.207 -88.879
weapon_ttt_pump_shotgun	-1939.548828 -262.783142 213.473160	-0.502 -9.501 -89.167
weapon_ttt_pump_shotgun	-1932.845215 -494.579926 357.512878	-0.514 -9.584 -89.486
item_ammo_smg1_ttt	-1294.963501 -695.261597 240.492691	0.151 0.304 -0.192
item_ammo_smg1_ttt	-1325.691162 -697.103149 240.551666	-0.119 0.010 0.000
item_ammo_smg1_ttt	-1346.380371 -691.733398 240.505310	0.153 0.034 -0.125
item_ammo_smg1_ttt	-1638.330688 -638.661133 250.404175	0.190 -0.005 0.116
item_ammo_smg1_ttt	-1639.584351 -666.807617 250.507919	-0.434 0.010 -0.344
item_ammo_smg1_ttt	-1641.211060 -696.210205 250.502213	-0.816 0.011 -0.611
item_ammo_smg1_ttt	-1642.433350 -719.757080 250.424423	0.528 -0.004 0.342
item_ammo_smg1_ttt	-1641.418457 -745.091553 250.515366	-0.254 0.014 -0.222
item_ammo_smg1_ttt	-1642.076172 -767.506714 250.426514	0.596 -0.003 0.388
item_ammo_smg1_ttt	-1640.523804 -791.410767 250.408905	0.240 -0.005 0.149
item_ammo_smg1_ttt	-1640.052612 -815.615906 250.483932	-0.792 0.003 -0.639
item_ammo_smg1_ttt	-1640.830688 -842.536011 250.422302	0.477 -0.004 0.309
item_ammo_smg1_ttt	-1641.379150 -913.459961 250.396790	0.136 -0.005 0.079
item_ammo_smg1_ttt	-1441.908325 -339.959198 356.515503	0.749 -0.104 -0.172
item_ammo_smg1_ttt	-1441.959351 -316.943024 356.505157	1.002 0.015 -0.270
item_ammo_smg1_ttt	-1441.978638 -291.253204 356.519806	0.680 -0.058 -0.156
item_ammo_smg1_ttt	-1441.935181 -266.149719 356.498108	0.779 -0.055 -0.187
item_ammo_smg1_ttt	-1426.316162 -340.266663 356.529785	0.189 -0.016 -0.158
item_ammo_smg1_ttt	-1426.430908 -314.635986 356.413513	-0.301 0.005 0.191
item_ammo_smg1_ttt	-1426.099609 -291.044342 356.523926	0.209 -0.015 -0.182
item_ammo_smg1_ttt	-1426.233032 -267.652954 356.386444	-0.088 0.005 0.046
item_ammo_smg1_ttt	-1441.829468 -245.693939 356.485931	0.723 -0.090 0.048
item_ammo_smg1_ttt	-1425.925903 -245.681808 356.408936	0.238 -0.005 0.148
item_ammo_smg1_ttt	-1957.475830 -402.178528 356.541138	-0.014 -0.436 -0.006
item_ammo_smg1_ttt	-1957.715210 -377.322266 356.552948	0.015 -0.355 -0.014
item_ammo_smg1_ttt	-1957.698486 -354.980530 356.520142	0.247 0.213 0.165
item_ammo_smg1_ttt	-1957.727173 -328.467926 356.521881	-0.357 0.406 -0.046
item_ammo_smg1_ttt	-1957.697266 -301.005493 356.534668	-0.152 0.172 -0.078
item_ammo_smg1_ttt	-1605.107666 -900.631653 384.391693	-0.110 0.005 0.061
item_ammo_smg1_ttt	-1564.944336 -900.564941 384.525330	0.215 -0.015 -0.181
item_ammo_smg1_ttt	-1324.332031 -895.029785 356.501343	-0.622 3.925 -0.010
item_ammo_smg1_ttt	-1336.929810 -893.974182 356.440765	0.023 1.484 -0.007
item_ammo_smg1_ttt	-1349.468140 -893.854309 356.528259	-0.603 0.308 -0.265
item_ammo_smg1_ttt	-88.807533 -1470.408936 64.516754	-0.245 0.014 -0.214
item_ammo_smg1_ttt	-73.977875 -1468.836670 64.413506	0.297 -0.005 0.188
item_ammo_smg1_ttt	959.831787 95.025093 -463.450623	0.018 0.002 -0.006
item_ammo_smg1_ttt	961.720581 74.532036 -463.530090	-0.768 0.944 0.113
item_ammo_smg1_ttt	-2169.813477 -1285.273926 60.488541	0.095 -0.211 0.296
item_ammo_smg1_ttt	-2169.790771 -1257.578125 60.481483	0.332 -0.127 0.300
item_ammo_smg1_ttt	-2169.987549 -1228.803223 60.507721	0.819 -0.051 -0.191
item_ammo_smg1_ttt	-2169.974121 -1202.511597 60.493015	1.124 -0.027 -0.264
item_ammo_smg1_ttt	-1949.041138 -462.005463 212.531372	0.114 -0.682 0.294
item_ammo_smg1_ttt	-1932.482544 -462.007721 212.528473	0.116 -0.612 0.315
item_ammo_smg1_ttt	-1912.617310 -461.969208 212.505539	0.191 0.017 0.624
item_ammo_smg1_ttt	-1890.837891 -461.960205 212.576767	0.128 -0.019 0.771
item_ammo_smg1_ttt	-166.157074 -857.882263 72.512222	-0.236 0.023 -0.211
item_ammo_smg1_ttt	-166.129623 -879.806580 72.441193	0.410 -0.005 0.248
item_ammo_smg1_ttt	-166.095459 -901.369690 72.560509	0.019 0.108 -0.020
item_ammo_smg1_ttt	-169.319275 -922.905090 72.494316	0.139 -0.130 -0.286
item_ammo_smg1_ttt	-425.272247 202.223053 64.495178	0.757 -0.464 -0.038
item_ammo_smg1_ttt	-439.661835 202.225021 64.491081	0.613 -0.465 0.086
item_ammo_smg1_ttt	-454.110199 202.459366 64.541298	-1.481 -0.324 1.004
item_ammo_smg1_ttt	-469.063385 202.151855 64.510597	-0.063 -0.422 0.262
item_ammo_smg1_ttt	-226.015747 149.973816 60.539040	0.131 -0.638 0.253
item_ammo_smg1_ttt	-241.341171 149.974533 60.554691	0.689 0.004 0.518
item_ammo_smg1_ttt	-133.992096 103.167892 60.525940	-0.596 0.027 -0.142
item_ammo_smg1_ttt	-134.047913 77.587372 60.492519	-0.978 -0.079 -0.167
item_ammo_smg1_ttt	-1200.054810 110.054329 356.474304	-0.383 0.044 0.734
item_ammo_smg1_ttt	-1186.645508 109.923264 356.536194	-0.091 0.212 0.246
item_ammo_smg1_ttt	-1172.529053 109.333145 356.541107	0.229 0.717 -0.000
item_ammo_smg1_ttt	-1158.530518 109.435959 356.536011	0.281 0.291 -0.000
item_ammo_smg1_ttt	-1860.885498 -537.997253 356.511841	0.197 -0.246 0.484
item_ammo_smg1_ttt	-1846.239014 -537.926392 356.489105	0.306 -0.032 0.714
item_ammo_smg1_ttt	-1830.123413 -538.459839 356.497101	0.148 0.158 -0.552
item_ammo_smg1_ttt	-1815.444092 -538.018005 356.533936	0.192 -0.449 0.329
item_ammo_smg1_ttt	-1322.637573 -538.105469 356.550079	0.006 -0.630 0.061
item_ammo_smg1_ttt	-1307.015259 -538.008484 356.514618	0.179 -0.286 0.453
item_ammo_smg1_ttt	-1290.921753 -537.974670 356.496307	0.208 -0.211 0.597
item_ammo_smg1_ttt	-1274.622070 -537.967346 356.541473	0.483 -0.494 0.471
item_ammo_smg1_ttt	-979.411072 845.969299 -463.470367	0.064 -0.686 0.273
item_ammo_smg1_ttt	-961.227905 845.987549 -463.484558	0.087 -0.486 0.386
item_ammo_smg1_ttt	-943.116028 845.984558 -463.482422	0.084 -0.511 0.369
item_ammo_smg1_ttt	-921.243103 845.963928 -463.468506	0.058 -0.674 0.257
item_ammo_smg1_ttt	-134.027115 -56.727306 60.509678	-0.787 -0.396 -0.158
item_ammo_smg1_ttt	-134.124298 -89.672882 60.520676	-0.529 -0.441 -0.077
item_ammo_smg1_ttt	-134.132782 -124.259003 60.545269	-0.773 -0.057 -0.358
item_ammo_smg1_ttt	-1400.897583 -921.809265 212.484604	-0.803 0.304 0.003
item_ammo_smg1_ttt	-1420.106201 -921.610962 212.529709	-0.752 0.494 -0.271
item_ammo_smg1_ttt	-1439.597534 -921.804749 212.537735	-0.466 -0.293 0.485
item_ammo_smg1_ttt	-1459.225464 -921.658691 212.563278	-0.010 -0.098 0.006
item_ammo_smg1_ttt	-1483.441162 -921.794434 212.515045	0.877 -0.287 -0.254
item_ammo_smg1_ttt	-1510.568115 -921.636292 212.547607	0.331 -0.469 -0.113
item_ammo_smg1_ttt	-1390.621582 113.969421 212.532196	-0.107 0.578 0.284
item_ammo_smg1_ttt	-1373.519775 113.960930 212.515289	-0.078 0.588 0.259
item_ammo_smg1_ttt	-1348.452759 114.041046 212.502213	-0.233 0.193 0.574
item_ammo_smg1_ttt	-1319.790405 113.246040 212.494690	-0.216 -0.347 0.467
weapon_zm_molotov	-1149.849854 -49.627754 32.145622	-1.799 -1.352 -1.833
weapon_zm_molotov	-1161.072021 -505.737823 356.172089	-1.873 -1.401 -1.348
weapon_zm_molotov	-1161.103027 -476.827087 356.187073	-1.387 -1.458 -0.997
weapon_zm_molotov	-1161.436401 -445.635010 356.154175	-2.456 -1.220 -1.768
weapon_zm_molotov	-1188.705200 -445.712677 356.163727	-2.147 -1.351 -1.542
weapon_zm_molotov	-1176.131226 -459.925385 356.164734	-2.113 -1.347 -1.520
weapon_zm_molotov	-1191.524292 -475.913574 356.159637	-2.278 -1.303 -1.640
weapon_zm_molotov	-1175.526978 -492.580292 356.184418	-1.473 -1.452 -1.059
weapon_zm_molotov	-1191.241943 -509.343353 356.151855	-2.532 -1.217 -1.823
weapon_zm_molotov	-1172.109497 -752.019836 475.171173	-2.155 -1.402 -1.188
weapon_zm_molotov	-1172.661865 -716.036865 475.159058	-2.142 -0.993 -1.196
weapon_zm_molotov	-1190.437500 -733.910400 475.204712	-1.987 -0.256 0.303
weapon_zm_molotov	-1171.607178 -732.973572 356.173096	-0.571 -1.731 -0.868
weapon_zm_molotov	-2016.242432 155.158951 60.193447	-1.041 -1.930 -0.822
weapon_zm_molotov	-2017.347534 147.699036 60.132183	-1.048 -1.284 -0.611
weapon_zm_molotov	-2006.934204 155.119507 60.143631	-1.027 -0.133 -1.284
weapon_zm_molotov	-2008.327393 147.316376 60.105537	-1.332 -1.209 -0.776
ttt_playerspawn	1243.205322 49.097004 56.485695	-0.168 97.703 0.003
ttt_playerspawn	1381.846558 47.855560 56.481239	0.032 96.350 -0.032
ttt_playerspawn	1518.007813 52.624737 56.533974	-0.008 102.058 -0.168
ttt_playerspawn	1638.407837 56.545391 56.501595	0.033 103.152 -0.033
ttt_playerspawn	1648.802734 816.722534 56.566265	0.109 -79.448 0.003
ttt_playerspawn	1554.112183 816.391113 56.553181	-0.154 -86.824 0.006
ttt_playerspawn	1429.799927 814.250244 56.504749	-0.136 -84.649 -0.003
ttt_playerspawn	1294.232544 815.431213 56.533638	-0.103 -83.003 -0.007
ttt_playerspawn	-410.509644 -926.040161 160.529617	0.008 100.351 -0.119
ttt_playerspawn	-296.958282 -918.769165 160.517410	0.008 86.893 0.136
ttt_playerspawn	-448.277679 -770.529968 128.506348	0.182 93.037 -0.014
ttt_playerspawn	-349.638489 -765.370422 128.514481	-0.007 86.626 0.137
ttt_playerspawn	-237.765091 -766.007690 128.556320	0.005 108.072 0.075
ttt_playerspawn	483.511444 315.005951 56.574219	-0.137 -76.806 -0.219
ttt_playerspawn	354.241333 311.485474 56.577919	-0.214 -76.994 0.144
ttt_playerspawn	233.759308 303.088440 56.554367	0.149 -88.828 0.004
ttt_playerspawn	-1847.858887 -839.052002 212.519974	-0.004 0.157 0.137
ttt_playerspawn	-1842.518066 -702.865479 212.495316	0.156 0.000 0.082
ttt_playerspawn	-1519.116211 -646.859314 212.488937	-0.037 -0.000 0.037
ttt_playerspawn	-1520.120483 -767.246521 212.508774	-0.237 0.012 -0.013
ttt_playerspawn	-1276.678467 50.683041 212.464600	-0.107 -79.091 0.011
ttt_playerspawn	-1568.978516 251.393372 64.494934	-0.035 -0.000 0.035
ttt_playerspawn	-1573.450439 339.526337 64.543938	-0.019 0.000 0.019
ttt_playerspawn	-1553.952026 933.718994 64.537857	-0.019 -0.000 0.019
ttt_playerspawn	-1567.095825 1014.304626 64.513458	0.144 -0.000 -0.194
ttt_playerspawn	-1348.501709 540.693054 56.516762	-0.031 0.000 0.031
ttt_playerspawn	-1347.079468 600.673340 56.553543	-0.016 0.000 0.017
ttt_playerspawn	-1350.710693 654.876648 56.538273	-0.024 0.000 0.024
ttt_playerspawn	-1350.396973 714.871094 56.497517	-0.040 -0.000 0.040
ttt_playerspawn	-1587.905518 -1186.465454 60.475349	-0.007 -0.000 0.007
ttt_playerspawn	-1603.558228 -1099.701050 60.456451	-0.009 -0.000 0.009
ttt_playerspawn	-1627.582886 56.734497 212.524612	-0.123 -86.060 0.005
ttt_playerspawn	-1317.276489 -195.987198 356.556183	0.144 -81.086 -0.005
item_box_buckshot_ttt	-1960.074341 -516.967712 356.447723	0.043 0.095 0.763
item_box_buckshot_ttt	-1960.002808 -505.747589 356.469543	0.475 -0.002 -0.207
item_box_buckshot_ttt	-1960.083496 -494.515961 356.456390	-0.023 0.332 0.706
item_box_buckshot_ttt	-1960.144043 -483.086365 356.391907	1.014 -0.265 -0.489
item_box_buckshot_ttt	-1960.053711 -472.121063 356.479095	-0.043 0.159 0.442
item_box_buckshot_ttt	961.646240 -20.323912 -462.647583	-20.139 -0.823 -0.053
item_box_buckshot_ttt	963.629883 -38.540344 -463.492798	-0.048 2.366 -0.119
item_box_buckshot_ttt	244.126022 -44.857029 -463.545959	-0.362 -0.098 0.051
item_box_buckshot_ttt	187.558060 -42.813725 -463.544556	-0.931 0.075 0.000
item_box_buckshot_ttt	-1212.423462 -374.542847 -463.641174	0.076 0.013 -0.134
item_box_buckshot_ttt	-1222.158203 -374.252441 -463.574341	0.131 0.083 0.508
item_box_buckshot_ttt	-1285.495850 -374.571411 -463.609222	-0.909 -0.008 -0.569
item_box_buckshot_ttt	-1295.921387 -374.568085 -463.572662	-1.018 -0.002 -0.469
item_box_buckshot_ttt	-1811.819702 -254.763351 212.438736	-0.634 -0.007 0.444
item_box_buckshot_ttt	-1811.831421 -265.489838 212.374603	-0.938 0.205 0.588
item_box_buckshot_ttt	-1811.894531 -331.874695 212.442474	-0.189 0.005 0.656
item_box_buckshot_ttt	-1811.874878 -343.633026 212.438324	-0.279 -0.200 1.119
item_box_buckshot_ttt	-809.620361 1112.527832 64.420425	-0.785 -0.013 0.611
item_box_buckshot_ttt	-792.969360 1114.554932 64.440125	0.974 -0.023 -0.452
item_box_buckshot_ttt	-779.098938 1114.581299 64.473236	0.864 -0.691 -0.167
item_box_buckshot_ttt	-762.924927 1114.598145 64.435410	1.635 -0.084 -0.404
item_box_buckshot_ttt	-0.910021 1114.561035 64.452934	1.320 -0.618 -0.259
item_box_buckshot_ttt	15.213021 1114.627319 64.475441	0.819 -0.215 -0.160
item_box_buckshot_ttt	29.502947 1114.560547 64.465370	0.699 -0.153 -0.193
item_box_buckshot_ttt	42.988243 1114.546387 64.456261	1.257 -0.554 -0.252
item_box_buckshot_ttt	-1960.090454 -399.092957 212.446823	0.514 -0.080 -0.201
item_box_buckshot_ttt	-1960.136475 -384.088806 212.397568	0.896 -0.102 -0.421
item_box_buckshot_ttt	-1960.106323 -367.110779 212.466705	0.550 0.016 0.012
item_box_buckshot_ttt	-1960.051270 -351.010071 212.481857	-0.161 0.111 0.496
item_box_buckshot_ttt	-1960.046997 -311.944092 212.483002	-0.066 0.147 0.411
item_box_buckshot_ttt	-1960.078735 -295.189972 212.477478	0.608 -0.111 -0.026
item_box_buckshot_ttt	-1960.021729 -279.355103 212.503372	0.145 -0.032 0.000
item_box_buckshot_ttt	-1960.129883 -267.526855 212.432327	0.705 0.444 -0.337
weapon_ttt_galil	-1301.343140 -706.708130 240.790070	-1.270 23.051 86.950
weapon_ttt_galil	-1323.822998 -707.801331 240.950272	-2.037 18.736 83.078
weapon_ttt_galil	-1343.445679 -707.610107 241.318375	-2.931 7.679 83.415
weapon_ttt_galil	-1294.266479 -664.996033 240.766968	-1.244 22.174 87.092
weapon_ttt_galil	-1313.464600 -664.843384 240.895523	-2.013 7.114 82.382
weapon_ttt_galil	-1339.579346 -665.853027 240.917160	-2.333 7.799 79.512
weapon_ttt_galil	-2165.069336 -1166.885864 60.807156	-1.439 -88.525 87.064
weapon_ttt_p90	-1194.305054 87.962196 357.601105	-0.276 -6.333 -89.598
weapon_ttt_p90	-1167.098145 88.035950 357.303650	0.692 -10.368 -88.058
weapon_ttt_p90	-1677.374634 -688.431091 213.286743	0.666 0.997 -87.663
weapon_ttt_p90	-1676.015869 -711.249695 213.292755	0.675 0.995 -87.804
weapon_ttt_p90	-154.913910 -61.006424 61.485722	-0.651 0.505 -88.944
weapon_ttt_p90	-157.959259 -85.136368 61.297920	0.069 1.361 -87.641
weapon_ttt_p90	-157.071335 -114.856674 61.295174	0.118 1.358 -87.601
weapon_ttt_p90	-1376.247070 75.365509 213.293488	0.148 1.355 -87.577
weapon_ttt_p90	-1340.678711 74.550522 213.309097	-0.131 1.379 -87.802
weapon_ttt_famas	-1672.458252 -766.371094 213.182968	0.000 16.513 90.000
weapon_ttt_famas	-1674.876709 -802.051086 213.182953	0.000 16.513 90.000
ttt_random_ammo	-1406.554932 0.524715 212.338287	-0.045 -0.000 -0.024
ttt_random_ammo	-1400.557617 12.818313 212.335892	-0.045 -0.000 -0.026
ttt_random_ammo	-1410.772827 13.769284 212.380112	-0.146 -0.001 0.119
ttt_random_ammo	-1333.368164 -834.188660 240.414841	-1.288 -0.020 1.514
ttt_random_ammo	-1334.123169 -867.585815 240.333542	-0.046 -0.000 -0.028
ttt_random_ammo	-1261.304443 -868.454285 240.399734	-0.537 -0.004 0.598
ttt_random_ammo	-1267.852173 -837.139404 240.457275	-1.314 -0.032 1.597
ttt_random_ammo	-1157.321411 -84.786903 212.370941	0.095 0.000 0.053
ttt_random_ammo	-1157.774414 -114.843224 212.412994	1.604 0.035 1.926
ttt_random_ammo	-87.259712 -1526.767822 64.394882	1.441 0.025 1.700
ttt_random_ammo	-69.361633 -1526.537720 64.383942	0.247 0.001 0.242
ttt_random_ammo	-88.403717 -1406.979370 64.327850	0.046 0.000 -0.031
ttt_random_ammo	-70.416809 -1408.664185 64.420143	1.641 0.037 1.990
ttt_random_ammo	67.563461 815.006531 -463.582306	1.454 0.032 1.738
ttt_random_ammo	69.307106 794.985962 -463.591553	-0.138 0.152 -0.156
ttt_random_ammo	69.330544 773.705017 -463.640625	-0.132 -0.024 -0.235
ttt_random_ammo	69.440186 784.646729 -463.604370	-1.530 -0.023 1.650
ttt_random_ammo	69.372047 805.474243 -463.636871	-0.209 -0.102 -0.379
ttt_random_ammo	69.430824 670.106628 -463.617218	-0.067 -0.038 -0.028
ttt_random_ammo	69.150208 655.516357 -463.632721	0.080 0.000 0.030
ttt_random_ammo	69.159874 643.762756 -463.594116	1.663 0.032 1.987
ttt_random_ammo	68.836815 650.313843 -463.554840	0.938 0.025 1.121
ttt_random_ammo	69.375519 663.170227 -463.617859	-0.308 0.150 -0.597
ttt_random_ammo	797.199951 -258.355713 64.376175	0.136 0.000 0.103
ttt_random_ammo	793.791931 -406.047333 64.443703	1.124 0.029 1.364
ttt_random_ammo	797.322021 -525.003113 64.428383	-0.651 -0.945 -0.565
ttt_random_ammo	797.270081 -640.949341 64.484360	-0.324 -0.675 -0.723
ttt_random_ammo	797.208191 -757.078796 64.456131	-0.664 3.868 0.300
ttt_random_ammo	-745.053650 587.777588 56.382343	0.215 -0.001 -0.202
ttt_random_ammo	-803.432922 586.734253 56.418476	1.640 -0.037 -1.990
ttt_random_ammo	-872.081482 585.519226 56.429779	1.335 -0.033 -1.613
ttt_random_ammo	-934.933594 584.406189 56.389111	0.416 0.003 0.451
ttt_random_ammo	-935.939941 641.178955 56.320110	0.047 0.000 -0.034
ttt_random_ammo	-867.841492 642.473206 56.389774	0.478 -0.003 -0.526
ttt_random_ammo	-813.981262 643.430908 56.380840	0.192 -0.001 -0.174
ttt_random_ammo	-803.291443 643.621887 56.349045	0.051 -0.000 0.014
ttt_random_ammo	-824.459961 587.118042 56.379333	0.168 -0.001 -0.144
ttt_random_ammo	-738.340088 588.237427 56.392311	0.395 0.003 -0.784
ttt_random_ammo	-748.023193 644.707214 56.346840	0.050 -0.000 0.017
ttt_random_ammo	-740.598511 644.435608 56.440964	1.159 -0.029 -1.405
ttt_random_ammo	-860.047241 643.092407 56.363487	0.071 -0.000 -0.018
ttt_random_ammo	-860.435974 586.308533 56.370934	0.099 -0.000 -0.056
ttt_random_ammo	-925.609253 584.676208 56.327854	0.046 0.000 -0.031
ttt_random_ammo	-924.542053 641.727173 56.367310	0.083 0.000 0.035
ttt_random_ammo	-942.589172 683.851685 56.432343	1.341 0.033 1.624
ttt_random_ammo	-931.617249 683.461792 56.367313	0.083 0.000 0.035
ttt_random_ammo	-873.831848 683.468689 56.322762	0.047 -0.000 0.033
ttt_random_ammo	-862.060669 682.988464 56.436718	1.250 -0.031 -1.516
ttt_random_ammo	-808.025452 683.175354 56.370930	0.100 -0.000 -0.057
ttt_random_ammo	-793.458191 682.794678 56.365406	0.077 -0.000 -0.026
ttt_random_ammo	-735.766785 685.229858 56.365406	0.077 -0.000 -0.026
ttt_random_ammo	-726.622681 684.333008 56.367290	0.082 -0.000 -0.034
ttt_random_ammo	-349.299988 460.446198 -458.444122	0.295 2.510 -107.898
ttt_random_ammo	-351.421844 475.432373 -463.600159	1.765 0.036 2.106
ttt_random_ammo	-363.927277 461.822327 -458.868286	1.127 7.951 -104.576
ttt_random_ammo	-365.493317 474.771759 -463.562042	-1.139 0.497 -1.213
ttt_random_ammo	-154.479874 462.626007 -459.145813	0.287 1.534 -103.302
ttt_random_ammo	-213.864212 463.084686 -459.373108	0.321 2.776 -101.717
ttt_random_ammo	-275.493011 458.295105 -459.453796	0.253 0.994 -100.688
ttt_random_ammo	1057.449585 194.533279 64.439995	-0.782 -0.082 -2.069
ttt_random_ammo	1035.671753 194.740356 64.461258	-1.219 0.732 -1.525
ttt_random_ammo	1009.860840 194.651855 64.456696	-0.647 0.752 -1.554
ttt_random_ammo	984.311340 194.799896 64.489220	-1.227 0.599 -1.295
ttt_random_ammo	-1722.577026 -57.310776 392.706543	0.041 0.000 -0.040
ttt_random_ammo	-1955.897949 -18.171635 356.475220	-0.943 -0.017 1.860
ttt_random_ammo	-1934.315063 -36.356129 356.343109	-0.048 -0.000 -0.021
ttt_random_ammo	-1654.672485 115.735512 356.331116	-0.047 -0.000 -0.029
ttt_random_ammo	-1640.135254 117.236816 356.364655	-0.073 -0.000 0.020
ttt_random_ammo	-1625.685669 117.397125 356.463043	-1.075 -0.028 1.304
ttt_random_ammo	-1611.208496 117.393272 356.413574	0.362 -0.934 0.097
ttt_random_ammo	-1530.679199 51.449505 356.440216	-0.481 0.351 -0.564
ttt_random_ammo	-1537.593506 -36.704189 137.066284	0.045 0.000 -0.029
ttt_random_ammo	-307.315552 689.553406 -501.322449	6.360 59.138 88.445
ttt_random_ammo	-252.026581 694.854736 -500.264740	-32.347 83.935 -91.682
ttt_random_ammo	-1389.484863 -677.119019 -340.767700	0.023 0.715 0.261
ttt_random_ammo	-1413.600708 -682.917053 -340.815552	0.272 -0.437 0.286
ttt_random_ammo	-1438.413086 -674.645996 -340.861572	-0.249 0.445 -0.326
ttt_random_ammo	-1654.061157 -719.177856 32.363499	0.071 0.000 0.018
ttt_random_ammo	-1867.385742 -522.446472 32.474022	0.567 0.012 1.122
ttt_random_ammo	-1867.508545 -504.695038 32.460907	0.409 0.013 0.744
ttt_random_ammo	-1138.687378 -498.228180 32.422775	-0.351 -0.123 -0.516
ttt_random_ammo	-1138.839722 -525.907654 32.494537	-0.225 3.232 -0.218
ttt_random_ammo	-1515.879028 22.144751 356.459839	0.961 0.018 1.893
ttt_random_ammo	-1515.953857 37.099400 356.386200	0.896 -0.002 1.884
ttt_random_ammo	1059.426880 1033.203003 64.314751	0.047 0.000 -0.036
ttt_random_ammo	1093.859619 1010.939575 64.361534	0.067 0.000 0.012
ttt_random_ammo	1027.811157 1007.971985 64.327850	0.046 0.000 -0.031
ttt_random_ammo	1062.328003 985.279236 64.314781	0.047 -0.000 0.036
ttt_random_ammo	-1739.312744 -211.091919 212.385330	0.282 0.001 0.285
ttt_random_ammo	-1704.670776 -208.201080 212.443054	1.185 0.030 1.442
ttt_random_ammo	-1726.141357 -168.461563 212.434860	1.355 0.033 1.647
ttt_random_ammo	797.301147 -144.446350 64.452492	-0.471 0.648 -0.397
weapon_zm_rifle	-1172.619751 -212.456009 355.159576	3.343 13.326 65.071
weapon_zm_rifle	-1845.854980 -567.822388 -342.906494	0.325 86.511 -88.565
weapon_zm_rifle	-359.155670 -929.415344 159.186218	3.466 12.660 65.437
weapon_zm_rifle	-490.950012 -1106.357422 199.950424	4.289 36.266 99.800
weapon_zm_rifle	-487.520355 1083.122925 63.128456	3.649 12.644 65.613
weapon_zm_mac10	-1589.132690 -894.221558 385.197113	0.680 -51.182 -87.518
weapon_zm_mac10	-77.114906 -1500.449097 65.261497	0.284 -50.659 -89.098
weapon_zm_mac10	931.558533 91.702003 -462.731842	-0.028 -55.858 -87.763
weapon_zm_mac10	-1838.535034 -567.674316 356.862549	0.112 172.311 87.970
weapon_zm_mac10	-1930.118774 -311.203094 357.275330	-0.815 91.712 -88.780
weapon_zm_mac10	-1411.123169 -651.793762 -339.940735	-0.079 -54.570 -88.212
weapon_zm_pistol	-1225.048584 -28.868448 212.898056	0.509 -35.606 -88.966
weapon_zm_pistol	-1288.868042 -20.093403 212.847824	0.802 -35.601 -88.488
weapon_zm_pistol	948.531189 21.535606 -466.167358	-7.633 29.945 84.184
weapon_ttt_p228	-1709.494019 -901.956665 384.163635	36.802 0.403 0.070
weapon_ttt_p228	-1710.484497 -0.871936 249.399567	-0.564 35.217 90.362
weapon_ttt_p228	-1703.393433 9.295541 249.306534	0.470 34.851 89.015
weapon_ttt_p228	-1951.117310 -241.938675 356.183258	36.758 0.366 0.042
weapon_ttt_p228	-1950.866821 -231.631348 356.193146	36.556 0.358 0.029
item_ammo_pistol_ttt	-1230.278198 -712.632507 240.414886	-0.073 -0.020 -0.022
item_ammo_pistol_ttt	-1219.641724 -711.658020 240.399734	-0.086 -0.020 -0.026
item_ammo_pistol_ttt	-1208.501465 -712.308411 240.440384	-0.051 -0.020 -0.015
item_ammo_pistol_ttt	-1228.084961 -690.810852 240.360703	-0.121 -0.019 -0.037
item_ammo_pistol_ttt	-1219.407104 -692.766846 240.406937	-0.080 -0.020 -0.024
item_ammo_pistol_ttt	-1208.475098 -687.772705 240.420990	-0.068 -0.020 -0.021
item_ammo_pistol_ttt	-1226.609375 -669.159668 240.349869	-0.130 -0.019 -0.039
item_ammo_pistol_ttt	-1217.581421 -670.574951 240.358597	-0.122 -0.019 -0.037
item_ammo_pistol_ttt	-1207.186646 -669.155823 240.352982	-0.329 -0.008 -0.159
item_ammo_pistol_ttt	-1253.626709 -43.281307 212.340607	-0.138 -0.019 -0.042
item_ammo_pistol_ttt	-1261.780151 -42.318115 212.374557	-0.109 -0.019 -0.033
item_ammo_pistol_ttt	-1268.998779 -41.697300 212.450790	-0.042 -0.020 -0.013
item_ammo_pistol_ttt	-1276.704102 -41.854488 212.354309	-0.126 -0.019 -0.038
item_ammo_pistol_ttt	-1278.503784 -514.636292 356.465820	-0.197 0.143 -0.278
item_ammo_pistol_ttt	-1285.849976 -514.621277 356.428528	-0.366 0.133 -0.427
item_ammo_pistol_ttt	-1293.734009 -514.623352 356.422638	-0.394 0.135 -0.483
item_ammo_pistol_ttt	-1302.097900 -514.648315 356.424805	-0.506 0.109 -0.382
item_ammo_pistol_ttt	-1311.776978 -514.702759 356.438263	1.793 0.200 0.183
item_ammo_pistol_ttt	-1320.525757 -514.691040 356.417236	0.215 0.188 -0.462
item_ammo_pistol_ttt	-1328.919556 -514.643738 356.400696	-0.392 0.116 -0.495
item_ammo_pistol_ttt	-1338.356689 -514.808289 356.460999	-0.318 0.426 -0.348
item_ammo_pistol_ttt	-1347.758423 -514.791016 356.448364	-0.512 0.276 -0.494
item_ammo_pistol_ttt	-1358.384155 -514.734497 356.463379	-0.132 0.554 -0.273
item_ammo_pistol_ttt	-1960.623169 -278.055756 356.468109	0.624 -0.895 0.011
item_ammo_pistol_ttt	-1960.691772 -257.737366 356.472961	0.087 -0.040 -0.140
item_ammo_pistol_ttt	-1960.752686 -233.340408 356.418488	0.222 0.023 -0.083
item_ammo_pistol_ttt	-1960.338989 -211.216064 356.466644	0.984 -2.305 0.110
item_ammo_pistol_ttt	-1960.718140 -188.480743 356.453461	-0.021 -0.002 -0.301
item_ammo_pistol_ttt	-1460.276367 -898.362915 384.325623	-0.151 -0.018 -0.046
item_ammo_pistol_ttt	-1470.139526 -897.944824 384.398254	-0.088 -0.020 -0.027
item_ammo_pistol_ttt	-1735.016724 -901.428162 384.338196	-0.140 -0.019 -0.043
item_ammo_pistol_ttt	-1722.856323 -900.969543 384.376434	-0.107 -0.020 -0.032
item_ammo_pistol_ttt	-1361.807983 -894.871948 356.436859	-0.396 0.762 -0.531
item_ammo_pistol_ttt	-1369.121338 -894.873718 356.443665	-0.349 0.764 -0.471
item_ammo_pistol_ttt	-1378.695313 -894.894958 356.438080	-0.356 0.806 -0.510
item_ammo_pistol_ttt	964.638123 33.532887 -464.039703	-9.267 0.331 -0.034
item_ammo_pistol_ttt	964.646484 12.062447 -463.860291	-9.346 0.416 -1.264
item_ammo_pistol_ttt	-1317.566162 1069.689697 -463.516083	0.066 0.343 0.022
item_ammo_pistol_ttt	-1311.824219 1069.768311 -460.630829	89.058 -159.712 -162.808
item_ammo_pistol_ttt	-1254.866089 1070.661743 -467.315002	-1.046 3.179 12.418
item_ammo_pistol_ttt	-1245.884888 1070.703735 -467.454712	3.552 0.185 13.506
item_ammo_pistol_ttt	-1190.126343 1070.425171 -464.051392	0.074 0.081 1.666
item_ammo_pistol_ttt	-1178.967407 1070.526978 -463.743927	-7.597 -0.216 1.766
item_ammo_pistol_ttt	-858.058411 868.241821 -462.499237	0.654 0.747 7.194
item_ammo_pistol_ttt	-852.868958 758.947754 -461.543152	0.988 2.559 -12.888
item_ammo_pistol_ttt	-1152.235107 -694.032959 32.437683	-0.053 -0.020 -0.016
item_ammo_pistol_ttt	-2018.878174 -1286.628174 60.459042	-0.422 0.342 -0.387
item_ammo_pistol_ttt	-2027.540283 -1286.676025 60.456280	-0.383 0.104 -0.391
item_ammo_pistol_ttt	-2035.845459 -1286.660645 60.458210	-0.237 0.103 -0.337
item_ammo_pistol_ttt	-2045.873047 -1286.670410 60.408306	-0.295 0.137 -0.444
item_ammo_pistol_ttt	-1795.733398 -139.920944 212.446671	0.545 0.066 -0.093
item_ammo_pistol_ttt	-1795.727539 -118.451721 212.448532	0.091 0.026 -0.215
item_ammo_pistol_ttt	-1795.765381 -92.741508 212.424820	-0.286 0.017 -0.391
item_ammo_pistol_ttt	-1795.741455 -67.576645 212.454529	-0.142 -0.001 -0.333
item_ammo_pistol_ttt	-1435.252441 7.871169 212.441132	-0.291 0.111 -0.311
item_ammo_pistol_ttt	-1435.327881 -14.519732 212.488190	-0.060 0.109 -0.033
item_ammo_pistol_ttt	-1435.367188 -39.958763 212.466278	-0.388 0.309 -0.334
item_ammo_pistol_ttt	-1435.260254 -65.647408 212.435989	-0.651 0.383 -0.619
item_ammo_pistol_ttt	-92.829361 -143.848145 64.367859	-0.238 -0.018 -0.120
item_ammo_pistol_ttt	-92.766975 -118.249863 64.430672	-0.104 0.126 -0.477
item_ammo_pistol_ttt	-92.788383 -95.479012 64.430389	0.940 -0.286 0.140
item_ammo_pistol_ttt	-92.727127 -70.744591 64.448631	-0.368 -0.061 -0.445
item_ammo_pistol_ttt	-219.461914 201.199921 64.447220	-0.364 0.436 -0.453
item_ammo_pistol_ttt	-227.702881 201.164398 64.464661	-0.270 0.472 -0.309
item_ammo_pistol_ttt	-237.858948 201.228745 64.416252	-0.467 0.408 -0.688
item_ammo_pistol_ttt	-250.090317 201.218842 64.445564	-0.484 0.501 -0.503
item_ammo_pistol_ttt	-615.577698 201.272156 64.462021	1.330 0.146 0.192
item_ammo_pistol_ttt	-624.596191 201.345261 64.426804	-0.433 0.115 -0.548
item_ammo_pistol_ttt	-637.744812 201.289627 64.437332	-0.571 0.160 -0.570
item_ammo_pistol_ttt	-652.170105 201.307541 64.454636	-0.255 0.147 -0.369
item_ammo_pistol_ttt	-945.458618 150.391937 60.434875	1.646 -0.009 0.114
item_ammo_pistol_ttt	-938.114258 150.359283 60.458912	0.481 -0.285 -0.050
item_ammo_pistol_ttt	-930.108826 150.364273 60.453403	-0.612 0.130 -0.491
item_ammo_pistol_ttt	-919.164124 150.374329 60.470562	-0.669 0.086 -0.389
item_ammo_pistol_ttt	-1656.777954 -537.784851 356.430695	-0.407 0.671 -0.575
item_ammo_pistol_ttt	-1667.137329 -537.738037 356.442841	-0.254 0.575 -0.446
item_ammo_pistol_ttt	-1677.713379 -537.738831 356.458618	-0.169 0.737 -0.316
item_ammo_pistol_ttt	-1688.352051 -537.898987 356.393158	0.214 1.676 0.191
item_ammo_pistol_ttt	-1482.237549 -537.870667 356.467743	-0.222 0.964 -0.274
item_ammo_pistol_ttt	-1471.524780 -538.171692 356.479736	0.167 0.600 0.069
item_ammo_pistol_ttt	-1460.815430 -537.663330 356.443512	-0.169 0.490 -0.291
item_ammo_pistol_ttt	-1449.047607 -537.693237 356.442596	-0.227 0.499 -0.439
item_ammo_pistol_ttt	-1097.790894 846.227600 -463.561035	-0.570 0.501 -0.564
item_ammo_pistol_ttt	-1087.253906 846.232361 -463.563660	-0.619 0.497 -0.591
item_ammo_pistol_ttt	-1076.006958 846.229370 -463.545135	-0.425 0.496 -0.415
item_ammo_pistol_ttt	-1061.561279 846.226929 -463.562195	-0.575 0.502 -0.575
item_ammo_pistol_ttt	437.721558 1110.365723 64.464066	-0.583 0.141 -0.404
item_ammo_pistol_ttt	475.310638 1110.372925 64.442802	0.591 -0.193 -0.077
item_ammo_pistol_ttt	456.069427 1110.385498 64.456207	-0.304 0.148 -0.374
item_ammo_pistol_ttt	498.486176 1110.373413 64.451401	-0.614 0.140 -0.502
item_ammo_pistol_ttt	-1955.744995 -899.180908 356.417419	-0.071 -0.020 -0.022
item_ammo_pistol_ttt	-1960.827515 -873.903137 356.388031	-0.166 -0.023 -0.084
item_ammo_pistol_ttt	-1558.993530 -49.797462 248.862823	-0.153 -0.330 -0.057
item_ammo_pistol_ttt	-1708.567627 37.330963 248.922546	-0.805 1.017 -0.016
item_ammo_pistol_ttt	-221.016022 -582.070129 60.381836	-0.102 -0.019 -0.031
item_ammo_pistol_ttt	-236.096375 -582.660828 60.488991	-0.137 0.227 -0.104
item_ammo_pistol_ttt	-252.655304 -582.653442 60.451469	-0.558 0.224 -0.477
item_ammo_pistol_ttt	-267.753876 -582.742004 60.423321	1.129 0.144 -0.126
item_ammo_pistol_ttt	-282.614746 -582.807190 60.462006	-0.433 0.290 -0.373
item_ammo_pistol_ttt	-299.498474 -582.843628 60.452690	-0.400 0.464 -0.422
weapon_ttt_confgrenade	-1144.375122 -148.592224 34.082607	-35.547 -50.373 -89.706
weapon_ttt_confgrenade	-1142.804810 -51.015064 34.199039	-37.325 -48.642 -92.486
weapon_ttt_confgrenade	-1596.331543 -707.847473 358.201477	14.356 -26.310 -91.268
weapon_ttt_confgrenade	-1593.906250 -690.923157 358.186035	14.551 -26.254 -90.972
weapon_ttt_confgrenade	-1583.665771 -697.848877 358.074371	15.913 -25.809 -88.858
weapon_ttt_confgrenade	-1604.275513 -698.222351 358.158691	14.890 -26.151 -90.452
weapon_ttt_confgrenade	-1511.616455 -433.796356 34.280003	10.468 -40.743 -93.457
weapon_ttt_confgrenade	-1500.344971 -432.561188 32.831493	22.965 -19.470 -44.950
weapon_ttt_confgrenade	-1488.386475 -432.029694 34.572170	37.180 -67.704 -99.094
weapon_ttt_confgrenade	-1473.127075 -432.019989 34.601418	36.607 -66.514 -96.933
weapon_ttt_confgrenade	-2164.443359 154.154312 61.673946	35.397 -22.181 -73.310
weapon_ttt_confgrenade	-2165.498535 147.497604 61.932205	-36.282 -59.482 -86.990
weapon_ttt_confgrenade	-2174.314697 150.882675 62.291386	-40.825 -57.673 -94.319
weapon_ttt_confgrenade	-2171.498779 145.850433 62.657204	38.066 -35.805 -98.650
weapon_ttt_m16	-1277.201782 -490.165283 357.162903	-0.930 -0.480 -81.363
weapon_ttt_m16	-1334.876343 -492.120575 356.881775	1.635 -5.183 84.298
weapon_ttt_m16	-841.153564 757.021301 -462.979797	0.107 -11.294 82.607
weapon_ttt_m16	-65.996086 -124.950005 64.995255	2.500 -97.492 85.468
weapon_ttt_m16	-237.722504 228.533188 64.861801	2.149 -5.782 83.924
weapon_ttt_m16	468.940399 1074.939819 64.997810	2.318 -6.302 85.260
weapon_ttt_m16	-1930.652588 -888.110962 356.839691	2.114 -5.966 84.043
weapon_ttt_m16	-1760.793457 -109.160652 212.883682	1.568 -5.181 84.373
item_ammo_357_ttt	-1142.771484 -189.032623 356.342499	0.452 0.061 0.052
item_ammo_357_ttt	-1140.700439 -201.302780 356.314758	0.446 0.072 0.063
item_ammo_357_ttt	-1139.389160 -219.772354 356.385315	0.461 0.054 0.034
item_ammo_357_ttt	-1139.210327 -236.500671 356.433472	-0.553 -0.164 0.217
item_ammo_357_ttt	-1139.246094 -251.932190 356.417938	-0.259 -0.056 -0.210
item_ammo_357_ttt	-1960.694336 -460.969208 356.458984	1.351 -0.203 -0.780
item_ammo_357_ttt	-1960.724976 -449.690613 356.454102	1.838 -0.429 -1.200
item_ammo_357_ttt	-1955.022339 -439.301666 356.414673	0.826 -0.250 -1.028
item_ammo_357_ttt	-1956.125854 -428.611023 356.373474	1.271 -0.092 -0.156
item_ammo_357_ttt	-1959.803101 -417.983582 356.436920	1.255 -0.278 -1.022
item_ammo_357_ttt	-1868.473511 -576.477051 -343.570129	0.478 -0.077 0.498
item_ammo_357_ttt	-1868.557739 -563.902405 -343.578400	0.478 0.653 0.600
item_ammo_357_ttt	-307.056274 -957.756958 188.350174	0.406 -0.269 -0.175
item_ammo_357_ttt	-319.775787 -957.533875 188.393158	0.434 -0.221 -0.135
item_ammo_357_ttt	-328.403076 -957.789368 188.336456	0.410 -0.270 -0.186
item_ammo_357_ttt	-336.185547 -957.799561 188.361877	0.426 -0.271 -0.149
item_ammo_357_ttt	-486.644958 -1127.894531 196.800323	0.764 -0.880 0.105
item_ammo_357_ttt	-504.744476 1113.742432 64.441437	0.898 0.170 -0.704
item_ammo_357_ttt	-489.744415 1113.742432 64.435333	0.993 0.165 -0.857
item_ammo_357_ttt	-472.328979 1113.716553 64.430443	0.932 -0.007 -0.882
item_ammo_357_ttt	-457.324677 1113.711060 64.422867	1.087 -0.019 -1.099
weapon_zm_shotgun	935.540527 -30.113083 -463.772278	-1.664 -9.304 -83.401
weapon_zm_shotgun	216.722900 -38.480949 -462.023560	-1.817 -6.376 -97.473
weapon_zm_shotgun	-784.118103 1079.134277 65.084770	-0.325 -8.460 -84.021
weapon_zm_sledge	-351.184662 -677.243286 101.751007	12.198 0.417 2.703
weapon_zm_sledge	-2032.820068 -304.060364 106.079681	12.168 0.417 2.702
weapon_zm_sledge	-1229.814819 1084.774414 61.808449	18.634 -0.121 2.992
weapon_zm_sledge	-1626.975098 -482.279388 267.808441	18.634 -0.666 2.992
weapon_zm_sledge	-1625.111450 -575.380310 267.808441	18.634 -1.166 2.992
weapon_zm_sledge	-1328.649902 -849.674133 237.808441	18.634 -0.126 2.992
weapon_zm_sledge	-1539.528931 64.677200 246.291199	18.860 -1.120 3.018
weapon_zm_sledge	-1726.799194 105.831696 372.137329	16.220 17.301 1.074
weapon_zm_sledge	49.017323 726.499329 -460.943024	-5.286 22.116 89.493
weapon_zm_sledge	-485.886932 552.813843 -466.251099	14.161 -2.655 -6.442
weapon_zm_sledge	183.734146 70.058929 115.757576	-0.649 -107.041 95.619
weapon_zm_sledge	231.103058 -681.414734 106.569000	18.725 127.586 1.410
weapon_zm_sledge	310.838989 846.424500 118.912651	19.926 -0.473 2.129
weapon_zm_sledge	-2089.338867 143.745865 57.745132	12.892 0.643 2.682
weapon_zm_sledge	-1932.284424 -225.695068 85.808449	18.634 -0.374 2.992
weapon_zm_revolver	-1499.782471 -904.363098 32.970512	1.906 -18.795 -85.959
weapon_zm_revolver	-1646.754883 -913.720764 32.970501	1.883 -18.769 -85.998
weapon_zm_revolver	-1198.162720 -867.108093 240.970581	1.975 -18.746 -85.839
weapon_zm_revolver	-1194.530151 -841.087280 240.970612	1.996 -18.733 -85.802
weapon_zm_revolver	-1625.632935 -514.211731 238.300385	2.502 -24.068 -83.510
weapon_zm_revolver	1264.447510 810.856079 56.881882	1.983 -27.980 -85.629
weapon_zm_revolver	1677.541016 825.534668 56.970825	2.189 -18.660 -85.466
weapon_zm_revolver	1492.100586 46.470146 56.802746	2.314 28.924 -84.824
weapon_zm_revolver	1355.363770 69.088539 56.921024	2.746 98.008 -84.615
weapon_zm_revolver	1046.477417 206.949799 64.970558	1.947 -18.776 -85.887
weapon_zm_revolver	1002.061218 205.702454 64.970772	2.142 -18.672 -85.548
weapon_zm_revolver	-1297.786133 -52.903378 244.409302	2.048 -21.186 -85.433
weapon_zm_revolver	-1780.888428 -49.979309 393.333832	2.079 -18.698 -85.658
weapon_zm_revolver	-1718.937500 -49.681133 393.333710	1.974 -18.657 -85.841
weapon_zm_revolver	-1947.101563 -446.079254 356.873444	3.052 -16.589 -83.982
weapon_zm_revolver	-82.258369 -997.287781 64.970596	1.984 -18.746 -85.823
weapon_zm_revolver	-79.984215 -1020.774475 65.049263	1.056 2.549 87.418
weapon_zm_revolver	-1525.299805 -177.749557 -463.120148	2.286 -16.919 -84.301
weapon_zm_revolver	-1751.531006 -909.187683 212.842880	3.297 -16.510 -83.560
weapon_zm_revolver	-1765.749512 -908.887573 212.879150	3.006 -16.593 -84.061
weapon_zm_revolver	-1780.275391 -905.412476 212.892044	2.903 -16.622 -84.239
weapon_ttt_aug	-71.254555 -1478.602051 64.509293	0.024 10.102 86.249
weapon_ttt_aug	-71.022995 -1458.737061 65.295837	-0.542 -8.978 -81.922
weapon_ttt_aug	-276.366425 -761.819519 128.526520	0.082 9.732 86.579
weapon_ttt_aug	-405.749176 -769.165161 128.546829	0.067 9.732 86.689
weapon_ttt_aug	-1306.901245 -551.625854 357.415802	-0.937 175.624 -82.623
weapon_ttt_aug	-1929.895264 -378.867523 356.738098	-0.165 -94.078 88.018
weapon_ttt_aug	-1407.479614 -888.251404 212.576050	0.089 11.114 86.998
weapon_ttt_aug	-1447.696655 -886.406982 212.565491	0.013 -5.463 86.662
weapon_ttt_aug	-1495.247925 -884.385010 212.544022	0.067 21.767 86.667
weapon_ttt_sg552	-1284.713989 -496.227081 357.297272	-1.372 3.540 -70.015
weapon_ttt_sg552	-1336.117310 -477.263000 357.036072	2.422 2.124 -84.947
weapon_ttt_sg552	-1307.122437 1024.324585 -462.882202	1.048 13.314 -84.659
weapon_ttt_sg552	-2064.856689 -1279.446899 60.708542	2.224 1.307 84.016
weapon_ttt_sg552	-628.403564 236.642181 64.741371	2.158 7.674 84.199
weapon_ttt_sg552	-1469.752686 -559.642334 357.058258	2.062 -5.303 -84.935
weapon_ttt_sg552	-225.386276 -538.440002 61.044834	2.240 1.173 -84.725
weapon_ttt_sg552	-284.543915 -541.351807 61.043480	2.268 1.167 -84.759
