# Trouble in Terrorist Town weapon/ammo placement overrides
# For map: ttt_ski_resort_a5_f1
# Exported by: ThatOneGamer7
setting:        replacespawns 1
weapon_ttt_dual_elites  -265.249756 1399.110474 -67.974861      3.070 0.206 -0.108
weapon_ttt_dual_elites  -630.166016 1417.858032 -71.406273      1.914 0.146 -0.065
weapon_ttt_dual_elites  1115.307373 917.045593 160.082642       2.054 0.661 0.253
weapon_ttt_dual_elites  1153.751221 917.047546 160.065552       2.230 0.676 0.479
weapon_ttt_dual_elites  1194.608154 917.051819 160.097076       1.913 1.210 0.149
weapon_ttt_dual_elites  1230.644897 917.047913 160.053467       2.360 0.677 0.704
weapon_ttt_dual_elites  1566.007080 586.708679 -76.041153       1.935 0.156 -0.053
weapon_ttt_dual_elites  1561.967529 561.387146 -76.026161       1.920 0.149 -0.057
weapon_ttt_smokegrenade 1.193023 1366.058960 -59.245922 16.705 -2.156 -98.334
weapon_ttt_smokegrenade 6.420577 1366.894043 -59.464325 14.172 -18.918 -96.576
weapon_ttt_smokegrenade 24.150589 1366.042603 -55.459061        18.175 39.799 -88.997
weapon_ttt_smokegrenade 31.451933 1378.947510 -56.764977        -1.523 -1.475 -0.833
weapon_ttt_smokegrenade -100.206879 1373.315186 -91.918854      -0.010 -1.527 -0.006
weapon_ttt_smokegrenade -115.602577 1368.790161 -91.918854      -0.010 -1.525 -0.006
weapon_ttt_smokegrenade -104.719810 1380.991699 -90.463768      20.753 52.396 -90.070
weapon_ttt_smokegrenade -128.037384 1372.389404 -91.918907      -0.012 -1.526 -0.008
weapon_ttt_smokegrenade -125.265778 1379.627197 -91.918953      -0.013 -1.525 -0.009
weapon_ttt_smokegrenade -127.069496 1387.207275 -90.642937      17.313 47.144 -88.383
weapon_ttt_smokegrenade -87.053230 1371.581543 -91.919571       -0.030 -1.525 -0.025
weapon_ttt_smokegrenade -93.357658 1380.572021 -91.920044       -0.043 -1.525 -0.038
weapon_ttt_smokegrenade 1698.346802 1314.655762 -103.834190     -0.690 -1.338 -0.402
weapon_ttt_smokegrenade 1698.262329 1302.477295 -103.869293     -1.064 -1.278 -0.620
weapon_ttt_smokegrenade 1699.634155 1289.924683 -103.866348     -1.033 -1.284 -0.602
weapon_ttt_smokegrenade 1698.613037 1278.239502 -103.880333     -1.182 -1.250 -0.689
weapon_ttt_mp5  1288.680054 606.521667 161.118881       0.288 5.356 -88.197
weapon_ttt_mp5  1288.678833 646.885986 161.114029       0.306 5.387 -88.053
weapon_ttt_mp5  1288.740112 672.182922 161.114044       0.288 5.573 -88.011
weapon_ttt_mp5  1689.221313 1198.989136 -103.033203     0.668 7.030 -85.758
weapon_ttt_mp5  1689.004150 1170.186157 -103.005028     0.770 8.994 -86.147
weapon_ttt_mp5  1688.852905 1136.128296 -102.885124     0.318 10.127 -88.113
weapon_ttt_mp5  1688.906982 1111.571533 -102.896278     0.253 9.960 -87.537
weapon_ttt_mp5  -184.523544 1542.633179 -102.903656     0.208 7.920 -87.152
weapon_ttt_mp5  -183.960815 1586.322632 -102.903656     0.208 5.910 -87.152
weapon_ttt_mp5  -184.061462 1630.576904 -102.949547     0.643 4.129 -86.381
weapon_ttt_mp5  -215.853592 1738.027588 -70.636124      0.214 45.979 83.533
weapon_ttt_magnum       856.821716 1082.711304 203.991821       8.997 25.374 75.234
weapon_ttt_magnum       897.447998 1082.603149 203.972305       8.866 26.657 75.045
weapon_ttt_magnum       932.593262 1082.937134 203.978729       8.801 24.280 75.488
weapon_ttt_magnum       967.782532 1082.684570 203.975540       8.729 25.455 75.633
weapon_ttt_magnum       1006.114929 1082.556763 203.955704      8.412 26.273 76.089
weapon_ttt_magnum       1042.665161 1082.756348 204.010956      9.336 25.343 74.684
weapon_ttt_magnum       27.215647 1114.712524 145.990219        8.942 24.885 75.373
weapon_ttt_magnum       27.140907 1142.694214 145.981705        8.884 25.307 75.295
weapon_ttt_magnum       -580.653015 1017.272339 17.996466       9.321 24.850 74.255
weapon_ttt_magnum       -580.431396 972.251221 17.989126        9.279 25.403 74.156
weapon_ttt_glock        -718.590271 760.683716 -79.590454       -0.711 25.625 91.379
weapon_ttt_glock        -585.602051 627.594604 -111.880569      30.535 1.146 15.579
weapon_ttt_glock        -600.446899 627.423218 -111.801758      32.027 -0.778 12.562
weapon_ttt_glock        -619.540405 627.521240 -111.782890      31.790 -0.331 13.925
weapon_ttt_glock        29.387814 1096.696655 145.144180        -0.789 30.356 91.657
weapon_ttt_glock        27.959017 1080.333130 145.110352        -0.851 24.309 91.338
weapon_ttt_glock        426.199951 517.551575 16.991312 0.302 -172.854 89.427
weapon_ttt_glock        426.052368 497.960388 17.029253 0.373 -174.224 89.792
weapon_ttt_glock        425.667572 471.639038 16.975498 0.368 -178.099 89.304
weapon_ttt_glock        427.273407 464.255768 16.928770 0.072 164.332 -88.979
weapon_ttt_glock        -409.313812 413.252899 49.697105        -0.529 25.664 90.946
weapon_ttt_glock        -386.986969 256.410095 49.702362        -0.876 25.614 91.608
weapon_ttt_glock        735.183105 341.204407 273.113708        -0.931 25.594 91.712
weapon_ttt_glock        768.637939 336.814117 272.197510        31.396 2.167 18.059
weapon_ttt_glock        495.623352 379.633667 296.596649        -0.808 26.376 91.269
weapon_ttt_glock        496.855957 390.820709 296.597778        -0.669 27.982 91.098
weapon_ttt_glock        496.698883 406.611145 296.599091        -1.012 26.670 91.591
weapon_ttt_glock        496.394135 424.461578 296.578247        -0.597 26.568 90.694
weapon_ttt_glock        497.836731 433.467072 296.613342        -0.437 39.485 91.104
weapon_ttt_glock        1197.937744 342.205017 182.220123       30.724 4.230 19.503
weapon_ttt_glock        1185.607544 342.336700 182.238678       30.236 6.069 21.815
weapon_ttt_glock        1615.700195 607.813110 182.451721       26.830 12.776 38.043
weapon_ttt_glock        1591.873779 613.582642 182.398621       27.072 12.834 36.500
weapon_ttt_smg  5.611018 257.522461 54.223541   5.045 0.260 2.121
weapon_ttt_smg  -331.203674 1070.021606 58.987091       4.215 9.249 79.786
weapon_ttt_smg  -329.205719 1053.199463 63.268223       -1.928 1.479 1.702
weapon_ttt_smg  -328.560150 1031.003662 63.328571       -6.379 3.105 2.741
weapon_ttt_smg  -328.814636 997.641968 63.285614        -4.992 0.433 2.472
weapon_ttt_smg  -331.295074 1093.343628 59.009880       4.449 9.155 80.466
weapon_ttt_smg  -567.347839 890.866943 16.290718        1.316 14.209 90.073
weapon_ttt_smg  1122.079468 604.481750 -68.881042       -1.773 -3.247 -90.534
weapon_ttt_smg  963.767944 573.024353 -71.094009        1.380 7.684 89.500
weapon_ttt_smg  1401.571655 665.286316 -76.309425       5.056 2.368 0.536
weapon_ttt_smg  1401.597778 642.479980 -76.327950       5.212 -0.438 0.044
weapon_ttt_smg  1401.479126 652.799194 -76.362320       5.124 1.814 0.717
item_ammo_revolver_ttt  804.239624 949.298645 202.399139        1.287 0.006 -0.266
item_ammo_revolver_ttt  804.251221 965.991211 202.448944        1.526 0.030 -0.705
item_ammo_revolver_ttt  804.241028 981.321106 202.466019        1.811 -0.279 -1.009
item_ammo_revolver_ttt  804.319580 992.989563 202.427338        0.524 -0.286 -0.635
item_ammo_revolver_ttt  804.372192 1014.922607 202.390656       0.322 0.298 0.425
item_ammo_revolver_ttt  804.328003 1038.745972 202.366013       -0.012 -0.001 0.689
item_ammo_revolver_ttt  804.251221 1003.225037 202.439102       1.273 0.105 -0.451
item_ammo_revolver_ttt  805.517151 1048.227905 202.423248       0.605 -0.259 -0.750
item_ammo_revolver_ttt  804.240662 1025.873291 202.427628       1.383 -0.085 -0.509
item_ammo_revolver_ttt  27.721781 1229.681152 144.334671        1.149 3.466 0.038
item_ammo_revolver_ttt  27.652996 1245.270142 144.444519        1.191 0.457 0.765
item_ammo_revolver_ttt  27.605070 1257.910889 144.441452        1.425 0.474 0.950
item_ammo_revolver_ttt  27.515358 1270.168091 144.388535        0.892 1.429 -0.082
item_ammo_revolver_ttt  27.254477 1287.607056 144.475082        1.890 -0.051 -0.939
item_ammo_revolver_ttt  27.258921 1304.917114 144.472351        1.092 -0.133 -0.408
item_ammo_revolver_ttt  27.403303 1218.395996 144.400146        -0.348 0.550 0.348
item_ammo_revolver_ttt  1435.252197 380.085571 -103.526772      1.348 0.417 -0.578
item_ammo_revolver_ttt  1435.439941 390.557861 -103.531494      0.478 0.295 0.022
item_ammo_revolver_ttt  1435.961182 401.776123 -103.530235      0.489 -5.226 -0.001
item_ammo_revolver_ttt  1435.261353 411.555298 -103.528915      0.718 0.092 -0.160
item_ammo_revolver_ttt  1435.235229 423.199066 -103.528206      0.926 -0.071 -0.298
item_ammo_revolver_ttt  1435.214233 490.963287 -103.526405      1.454 -0.076 -0.649
item_ammo_revolver_ttt  1435.286621 505.755005 -103.570236      0.586 -0.384 -0.645
item_ammo_revolver_ttt  1435.212036 520.649658 -103.547012      1.421 -0.120 -0.582
item_ammo_revolver_ttt  1435.200317 536.058655 -103.525322      1.772 -0.079 -0.860
ttt_random_weapon       -369.792084 1087.663696 17.217442       1.679 4.989 -93.047
ttt_random_weapon       -409.360565 1085.843872 17.223661       1.608 4.988 -93.208
ttt_random_weapon       -452.216034 1088.163086 17.219242       1.658 4.987 -93.094
ttt_random_weapon       -826.455139 368.347595 17.210836        1.753 4.772 -92.877
ttt_random_weapon       -880.434875 368.594269 17.219286        1.658 4.765 -93.095
ttt_random_weapon       -911.996582 373.684448 17.227678        1.563 5.859 -93.312
ttt_random_weapon       -786.155151 377.526642 17.213024        1.728 4.770 -92.933
ttt_random_weapon       -901.989807 689.599731 -110.810593      1.995 4.789 -92.323
ttt_random_weapon       -898.791016 713.264587 -110.791489      1.779 4.773 -92.817
ttt_random_weapon       -897.756775 733.026306 -110.786446      1.722 4.769 -92.947
ttt_random_weapon       -899.113281 753.084167 -110.770782      1.545 4.757 -93.352
ttt_random_weapon       -697.731873 1974.283447 -78.768143      1.515 4.754 -93.421
ttt_random_weapon       -644.297180 1974.893921 -78.781601      1.668 4.766 -93.072
ttt_random_weapon       -591.280945 1973.389404 -78.794609      1.814 4.776 -92.736
ttt_random_weapon       -550.827026 1973.302612 -78.791496      1.779 4.773 -92.817
ttt_random_weapon       -498.571716 1970.959717 -78.777824      1.625 4.763 -93.170
ttt_random_weapon       -427.838684 784.051392 -110.801590      1.893 4.781 -92.556
ttt_random_weapon       -269.803986 287.204956 49.761654        1.491 -0.883 -94.022
ttt_random_weapon       1639.306030 1336.555542 -62.695904      1.876 4.780 -92.594
weapon_ttt_pump_shotgun 1431.886963 334.606415 161.490295       -0.441 -14.583 -89.763
weapon_ttt_pump_shotgun 1381.245117 335.254120 161.348373       -0.347 -11.468 -88.194
weapon_ttt_pump_shotgun -449.062653 1965.758911 -78.560699      -0.303 -10.241 -89.562
weapon_ttt_pump_shotgun -381.784882 1964.454224 -78.497200      -0.520 -10.197 -89.976
weapon_ttt_pump_shotgun -317.386383 1967.454346 -78.497177      -0.520 -10.197 -89.943
weapon_ttt_pump_shotgun -257.940308 1964.147339 -78.497108      -0.518 -10.196 -89.834
weapon_ttt_pump_shotgun -102.036797 1369.833008 -68.758797      -0.820 -1.530 -91.021
weapon_ttt_pump_shotgun -39.370472 1378.015259 -68.916527       -0.519 -9.599 -89.610
weapon_ttt_pump_shotgun -104.491425 1523.014893 -62.309208      -0.488 -9.619 -88.812
weapon_ttt_pump_shotgun -98.957527 1547.948730 -62.271309       -0.500 -9.611 -89.116
weapon_ttt_pump_shotgun -102.216217 1572.558350 -62.224434      -0.515 -9.601 -89.492
weapon_ttt_pump_shotgun 1557.969482 990.570190 -104.948265      9.765 -0.273 0.881
weapon_ttt_pump_shotgun 1602.628540 990.557495 -104.920311      9.665 -0.212 0.868
weapon_ttt_pump_shotgun 1647.273804 990.527161 -104.964813      9.749 -0.143 0.467
weapon_ttt_pump_shotgun 1579.079346 716.559448 -74.504593       -0.476 -10.291 -89.969
weapon_ttt_pump_shotgun 1575.976196 754.284912 -74.504143       -0.478 -10.290 -89.936
item_ammo_smg1_ttt      1454.493408 1078.805542 170.556412      -0.018 -1.590 0.319
item_ammo_smg1_ttt      1476.303711 1078.807739 170.412201      0.113 -0.180 0.020
item_ammo_smg1_ttt      1462.427124 921.575256 170.545044       0.020 -0.505 0.253
item_ammo_smg1_ttt      1488.328491 921.286499 170.541458       -0.069 -0.789 -0.146
item_ammo_smg1_ttt      1508.869019 921.121094 170.492081       0.240 -0.401 -0.067
item_ammo_smg1_ttt      1524.403687 921.127380 170.484024       0.330 -0.112 -0.323
item_ammo_smg1_ttt      1545.653687 922.161743 170.405060       -0.014 -0.034 -0.018
item_ammo_smg1_ttt      -447.494568 635.170471 -111.483696      -0.229 0.393 0.169
item_ammo_smg1_ttt      -467.602417 635.060059 -111.563591      -0.075 -0.019 -0.035
item_ammo_smg1_ttt      -482.803772 635.063843 -111.474258      -0.312 -0.017 -0.162
item_ammo_smg1_ttt      -498.849060 634.998596 -111.599800      0.180 -0.003 0.083
item_ammo_smg1_ttt      -514.314880 635.211792 -111.506554      -0.622 0.445 0.064
item_ammo_smg1_ttt      -511.067963 237.118408 18.804150        -0.023 -0.055 -16.249
item_ammo_smg1_ttt      -529.433044 236.780411 18.846588        -0.069 -0.189 -16.780
item_ammo_smg1_ttt      -550.041199 236.760971 18.804361        0.473 1.522 -15.879
item_ammo_smg1_ttt      -570.866943 236.936737 18.898338        0.061 1.770 -16.263
item_ammo_smg1_ttt      -596.848145 236.773331 18.883417        0.000 1.370 -16.114
item_ammo_smg1_ttt      140.531433 395.427032 49.131290 0.114 -0.619 0.079
item_ammo_smg1_ttt      127.759850 395.194733 49.109241 0.194 0.003 0.181
item_ammo_smg1_ttt      -186.126862 787.748718 16.480135        0.084 0.002 -0.169
item_ammo_smg1_ttt      -165.050583 792.005005 16.519714        0.202 -0.020 -0.180
item_ammo_smg1_ttt      -141.144760 791.991516 16.421459        -0.271 0.004 0.173
item_ammo_smg1_ttt      -125.629463 791.991455 16.442989        -0.219 0.004 0.169
item_ammo_smg1_ttt      -100.421730 792.065552 16.513826        0.655 -0.045 -0.159
item_ammo_smg1_ttt      141.317459 944.107666 144.558502        0.020 0.150 -0.317
item_ammo_smg1_ttt      169.041046 943.931458 144.542847        0.183 0.022 -0.784
item_ammo_smg1_ttt      191.291351 943.995178 144.582764        0.077 0.007 -0.683
item_ammo_smg1_ttt      215.564865 943.915161 144.566391        0.193 0.020 -0.867
item_ammo_smg1_ttt      246.791275 944.071350 144.568085        0.046 -0.004 -0.434
item_ammo_smg1_ttt      281.527802 943.955322 144.510239        0.281 0.167 -0.551
item_ammo_smg1_ttt      123.072632 249.136230 49.017525 -0.856 0.004 0.557
item_ammo_smg1_ttt      871.644104 319.722870 -103.448364       0.217 1.316 -0.065
item_ammo_smg1_ttt      845.121033 320.015076 -103.448502       -0.543 0.581 0.443
item_ammo_smg1_ttt      794.838013 319.762115 -103.443840       0.002 -0.574 0.050
item_ammo_smg1_ttt      826.592896 320.033661 -103.507027       0.206 0.016 0.619
item_ammo_smg1_ttt      809.418518 320.134705 -103.407784       -0.399 0.027 1.085
item_ammo_smg1_ttt      771.755188 320.012115 -103.496941       0.140 -0.322 0.506
item_ammo_smg1_ttt      752.877136 320.018890 -103.545334       -0.066 -0.031 0.437
item_ammo_smg1_ttt      727.808533 319.915619 -103.470467       -0.021 0.171 0.217
item_ammo_smg1_ttt      712.168640 319.990265 -103.588005       0.085 -0.068 0.165
item_ammo_smg1_ttt      691.428162 320.000732 -103.428856       0.450 -0.009 0.553
item_ammo_smg1_ttt      668.092712 319.577393 -103.460907       -0.404 0.248 -0.249
item_ammo_smg1_ttt      644.870178 319.982208 -103.489799       0.122 0.005 0.524
item_ammo_smg1_ttt      937.997925 589.550476 -71.024742        0.128 -0.009 0.065
item_ammo_smg1_ttt      954.384216 594.881287 -71.019440        0.160 -0.009 0.087
item_ammo_smg1_ttt      1147.642212 590.750610 -71.004189       -0.274 0.008 0.166
item_ammo_smg1_ttt      1135.604736 589.182007 -71.011490       -0.196 0.008 0.114
item_ammo_smg1_ttt      1403.637695 600.864929 -81.439644       -0.118 -0.093 -0.504
item_ammo_smg1_ttt      1402.662598 626.860718 -81.441399       0.001 1.633 0.032
item_ammo_smg1_ttt      1600.458496 493.168762 -103.485374      0.182 -0.026 0.664
item_ammo_smg1_ttt      1586.724487 493.105621 -103.498573      0.091 -0.020 0.488
item_ammo_smg1_ttt      1569.714111 493.154510 -103.484955      0.194 0.010 0.641
item_ammo_smg1_ttt      1545.429810 493.053986 -103.495369      0.047 -0.024 0.312
item_ammo_smg1_ttt      -623.055786 861.180603 -88.084831       0.005 0.013 0.054
item_ammo_smg1_ttt      -642.203308 858.086182 -88.049171       -0.114 0.007 0.026
item_ammo_smg1_ttt      -660.560852 858.219238 -88.022118       -0.113 0.623 0.319
item_ammo_smg1_ttt      -680.059448 858.159607 -88.048264       -0.104 0.358 0.283
item_ammo_smg1_ttt      -701.614868 858.162170 -88.025085       -0.063 0.246 0.166
item_ammo_smg1_ttt      729.723022 761.298035 144.549622        -0.195 -0.276 -0.037
item_ammo_smg1_ttt      729.932495 739.879761 144.495544        -0.838 -0.305 -0.097
item_ammo_smg1_ttt      729.881470 716.030090 144.612259        -0.897 0.043 -0.050
item_ammo_smg1_ttt      729.835022 691.572449 144.513397        -0.643 0.009 -0.048
item_ammo_smg1_ttt      729.934753 666.682495 144.585129        -1.079 -0.015 -0.048
weapon_zm_molotov       -392.655060 1158.070923 -111.796692     -0.595 -1.408 -0.789
weapon_zm_molotov       -410.631561 1261.125854 -88.340378      -2.088 -1.401 -1.142
weapon_zm_molotov       -419.865051 415.682129 50.693508        25.867 -2.357 90.549
weapon_zm_molotov       -417.778595 405.523560 48.782532        1.073 6.157 -1.526
weapon_zm_molotov       5.428830 1002.330566 144.145752 -2.731 -1.139 -1.969
weapon_zm_molotov       417.781555 567.723938 16.129196 -1.080 -1.264 -0.629
weapon_zm_molotov       1372.662354 1448.447510 53.489136       18.462 44.662 -88.969
weapon_zm_molotov       1369.971191 1462.218628 52.146877       -1.773 -1.379 -1.806
weapon_zm_molotov       1368.090820 1476.732422 52.158463       -1.525 -1.456 -1.553
weapon_zm_molotov       1370.512207 1494.104126 52.176205       -1.147 -1.529 -1.167
weapon_zm_molotov       1468.058960 790.323914 160.141968       -0.944 -1.299 -0.550
weapon_zm_molotov       1472.276123 750.575928 160.150772       -0.850 -1.319 -0.495
weapon_zm_molotov       1476.125488 679.678589 160.173080       -0.613 -1.348 -0.357
weapon_zm_molotov       1439.625732 430.055023 160.164841       -0.700 -1.338 -0.408
weapon_zm_molotov       45.440628 1370.048218 -56.784851        -2.252 -1.362 -1.231
weapon_zm_molotov       44.240074 1379.866333 -56.750298        -0.986 -1.505 -0.539
weapon_zm_molotov       43.480537 1388.047119 -56.805149        -2.998 -1.048 -1.640
weapon_zm_molotov       23.575703 1387.260498 -56.773193        -1.824 -1.448 -0.997
weapon_zm_molotov       1582.230103 580.942444 -75.848053       -0.838 -1.322 -0.488
weapon_zm_molotov       1586.526001 571.876709 -75.873886       -1.113 -1.266 -0.649
weapon_zm_molotov       1588.291138 563.054504 -75.826927       -0.613 -1.348 -0.357
weapon_zm_molotov       -930.121399 873.289063 -111.817078      -1.898 -1.274 -0.854
weapon_zm_molotov       -930.136230 885.327698 -111.828667      -1.855 -1.409 -1.392
ttt_playerspawn -124.898514 318.732056 16.574224        0.001 95.474 -0.082
ttt_playerspawn -20.737398 378.457397 16.693731 0.804 109.871 0.130
ttt_playerspawn -112.685196 463.631714 16.544582        0.270 88.854 -0.094
ttt_playerspawn 48.072128 447.875793 16.559311  -0.001 102.645 -0.130
ttt_playerspawn 236.766006 466.557709 16.528063 0.233 87.445 -0.005
ttt_playerspawn 525.504089 1429.072876 88.117172        -0.174 -80.990 -0.002
ttt_playerspawn -188.854034 455.686035 16.599800        -0.124 97.192 -0.124
ttt_playerspawn -297.665955 1552.616699 -103.452286     0.083 -0.000 -0.083
ttt_playerspawn 12.227276 1590.678467 -103.432098       -0.051 -77.220 0.051
ttt_playerspawn 587.795044 1288.902466 -103.456749      -0.000 -170.221 0.180
ttt_playerspawn 972.282654 1260.210449 -103.467407      -0.027 0.008 0.077
ttt_playerspawn 926.558960 1508.584351 -103.477203      -0.060 -0.000 0.060
ttt_playerspawn 1524.059448 850.622437 -103.448410      0.037 0.000 0.037
ttt_playerspawn 1035.906128 954.318665 -103.450943      -0.001 -178.224 0.163
ttt_playerspawn -60.231976 1933.395508 -239.471207      0.102 -0.000 -0.102
ttt_playerspawn 399.290436 1308.749023 -239.461243      0.088 -0.000 -0.088
ttt_playerspawn 1266.710693 1641.623169 -223.402802     0.008 -46.957 0.000
ttt_playerspawn 322.438538 1176.702881 -239.448135      0.069 0.000 -0.069
ttt_playerspawn 1406.421265 718.506226 160.523956       -0.059 -0.000 0.059
ttt_playerspawn 1129.493286 1000.652405 160.553726      -0.036 0.000 -0.036
ttt_playerspawn 1314.571289 1628.403442 52.573277       0.085 103.119 -0.001
ttt_playerspawn -687.383118 1562.330688 -103.445633     0.073 -0.001 -0.072
ttt_playerspawn -574.712830 1702.832031 -103.441078     0.066 -0.001 -0.064
ttt_playerspawn 291.823090 679.050720 16.521622 -0.060 -0.000 0.060
ttt_playerspawn -43.817322 475.685730 16.579504 0.063 101.264 0.128
ttt_playerspawn -442.940186 1036.231812 16.531700       0.094 -62.700 -0.094
ttt_playerspawn -592.731323 706.857788 -111.449188      -0.068 7.926 0.088
ttt_playerspawn -749.511169 1099.622925 -111.414421     -0.023 0.000 0.023
ttt_playerspawn -868.208923 807.612000 -111.415543      -0.024 -0.000 0.024
ttt_playerspawn -865.488464 957.298157 -111.418053      0.028 0.000 0.028
ttt_playerspawn 649.430725 708.587769 144.548172        0.005 -90.140 -0.170
ttt_playerspawn 561.769043 430.196686 272.578735        -0.034 -0.000 0.034
ttt_playerspawn 420.160736 1763.811523 -103.443993      -0.100 -0.204 -0.026
ttt_playerspawn 236.225067 1636.356323 -103.519402      0.068 -99.549 0.020
ttt_playerspawn 1098.731201 272.870544 -103.478371      -0.060 -0.000 0.060
item_box_buckshot_ttt   1333.031372 340.392303 160.431900       0.686 1.003 0.127
item_box_buckshot_ttt   1313.172241 340.366486 160.439835       0.266 0.843 0.121
item_box_buckshot_ttt   1297.110474 340.361786 160.395096       0.433 0.856 0.199
item_box_buckshot_ttt   1266.026367 338.571838 160.450790       0.884 0.641 0.624
item_box_buckshot_ttt   1284.450562 340.362457 160.451340       0.227 0.802 0.105
item_box_buckshot_ttt   1253.247437 340.481781 160.399719       -0.663 -1.369 0.035
item_box_buckshot_ttt   683.061768 1329.009399 144.484375       -0.220 -0.005 0.196
item_box_buckshot_ttt   671.322571 1324.589478 144.413330       -0.884 -0.019 0.710
item_box_buckshot_ttt   657.463623 1326.545898 144.334961       0.386 0.004 -0.302
item_box_buckshot_ttt   639.323914 1330.528198 144.459351       -0.444 -0.008 0.336
item_box_buckshot_ttt   648.887390 1330.654907 144.445450       1.589 -0.233 -0.364
item_box_buckshot_ttt   193.079422 239.564697 16.378052 0.283 0.003 -0.142
item_box_buckshot_ttt   196.178909 256.770233 16.433151 -0.617 -0.006 0.548
item_box_buckshot_ttt   197.400177 268.571259 16.384933 -0.978 -0.010 0.876
item_box_buckshot_ttt   198.184036 282.557892 16.344252 0.616 0.003 -0.491
item_box_buckshot_ttt   195.357941 294.618988 16.411461 -0.786 -0.005 0.698
item_box_buckshot_ttt   194.055847 306.621521 16.373739 0.753 -0.022 -0.523
item_box_buckshot_ttt   -453.390961 2010.616211 -79.564415      1.417 -0.062 -0.371
item_box_buckshot_ttt   -443.534424 2010.710327 -79.543579      1.355 -0.086 -0.328
item_box_buckshot_ttt   -431.500244 2010.716309 -79.547401      1.448 -0.073 -0.351
item_box_buckshot_ttt   -419.051971 2010.587280 -79.548531      1.481 -0.188 -0.362
item_box_buckshot_ttt   -405.694550 2010.576294 -79.594727      0.788 -0.056 -0.099
item_box_buckshot_ttt   -394.064758 2010.684082 -79.549004      1.496 -0.077 -0.367
item_box_buckshot_ttt   -382.657410 2010.723145 -79.536346      1.183 -0.072 -0.288
item_box_buckshot_ttt   -371.879547 2010.662354 -79.538628      1.257 -0.068 -0.316
item_box_buckshot_ttt   -361.136200 2010.710693 -79.548866      1.483 -0.087 -0.359
item_box_buckshot_ttt   -350.803955 2010.757813 -79.552208      1.558 -0.082 -0.374
item_box_buckshot_ttt   -340.234955 2010.692993 -79.543625      1.351 -0.076 -0.325
item_box_buckshot_ttt   -327.703278 2010.655518 -79.555321      1.666 -0.068 -0.416
item_box_buckshot_ttt   -317.100647 2010.695923 -79.549934      1.526 -0.077 -0.378
item_box_buckshot_ttt   -140.041016 1519.708740 -63.249081      1.270 0.161 -0.884
item_box_buckshot_ttt   -139.843750 1533.905029 -63.290234      -1.055 -0.809 -0.000
item_box_buckshot_ttt   -139.892975 1546.097900 -63.269810      0.019 -0.264 -0.661
item_box_buckshot_ttt   -139.841278 1558.709351 -63.278107      0.036 -0.937 -0.797
item_box_buckshot_ttt   -139.801620 1570.961792 -63.238216      0.009 -1.032 -0.191
item_box_buckshot_ttt   -139.952972 1583.661743 -63.291786      0.207 -0.256 -0.558
item_box_buckshot_ttt   1592.197021 685.625366 -75.425858       2.290 2.008 0.245
item_box_buckshot_ttt   1575.025635 686.137878 -75.271057       -0.105 0.272 -2.740
item_box_buckshot_ttt   1543.276978 682.727295 -75.634933       0.172 -0.120 0.218
item_box_buckshot_ttt   1540.396606 697.665771 -75.615112       -1.000 -0.010 0.895
item_box_buckshot_ttt   1558.786377 699.548950 -75.615074       -1.001 -0.010 0.895
item_box_buckshot_ttt   1573.947876 701.339294 -75.509949       0.067 -0.412 -0.157
item_box_buckshot_ttt   1591.960083 697.040283 -75.512878       -0.040 -0.731 0.282
item_box_buckshot_ttt   1558.562256 684.524597 -75.136589       -0.082 0.416 -6.329
item_box_buckshot_ttt   1435.968750 891.969849 -103.516899      0.271 0.098 0.015
item_box_buckshot_ttt   1435.935669 905.731018 -103.554062      0.325 0.161 0.386
item_box_buckshot_ttt   1435.944580 920.447815 -103.535538      0.592 0.092 0.211
item_box_buckshot_ttt   1435.934204 931.434143 -103.524696      0.653 -0.003 0.179
item_box_buckshot_ttt   1435.955444 943.705505 -103.552757      0.288 0.097 0.276
item_box_buckshot_ttt   1601.992432 1309.694702 -75.599869      -0.885 -0.015 0.785
item_box_buckshot_ttt   1600.412842 1290.559692 -75.649445      0.837 0.002 -0.671
item_box_buckshot_ttt   1598.784302 1274.673096 -75.608810      -0.979 0.004 0.867
item_box_buckshot_ttt   1599.193481 1260.016479 -75.566338      -0.610 -0.006 0.544
item_box_buckshot_ttt   1597.020386 1250.718018 -75.591629      1.263 -0.089 -0.407
weapon_ttt_galil        120.799393 263.306091 49.735722 0.768 -13.646 -87.439
weapon_ttt_galil        6.118254 262.875275 49.747921   0.834 -12.929 -87.608
weapon_ttt_galil        1561.567749 539.331177 -74.775436       0.553 -7.427 -88.201
weapon_ttt_galil        599.989746 803.105530 144.757446        -1.321 8.660 86.826
weapon_ttt_galil        642.573242 803.149109 144.813507        -1.411 9.148 87.085
weapon_ttt_galil        696.377869 803.176758 144.778946        -1.598 8.789 86.851
weapon_ttt_p90  1389.137817 1076.907715 161.304962      0.694 -11.014 -88.090
weapon_ttt_p90  1419.634644 1079.976685 159.252960      -1.299 -6.518 -43.001
weapon_ttt_p90  1699.357666 928.349243 171.273575       0.647 0.737 -87.356
weapon_ttt_p90  1661.596924 911.135437 171.266205       0.636 0.180 -87.184
weapon_ttt_p90  1624.281738 911.212463 171.266205       0.636 1.076 -87.184
weapon_ttt_p90  518.371704 508.488800 270.220337        -0.813 -2.067 -9.939
weapon_ttt_p90  487.045105 509.747223 270.301971        -0.215 -0.968 -3.347
weapon_ttt_p90  691.969727 227.329163 -102.690384       0.055 2.295 -87.899
weapon_ttt_p90  758.071716 227.297607 -102.720398       0.608 2.033 -87.475
weapon_ttt_p90  786.454224 227.258270 -102.708023       0.287 1.503 -87.606
weapon_ttt_p90  824.013184 227.268509 -102.724052       0.462 1.302 -87.324
weapon_ttt_p90  891.887329 227.346497 -102.733788       0.636 1.683 -87.184
weapon_ttt_p90  938.180054 227.422211 -102.724701       0.517 1.533 -87.335
weapon_ttt_p90  981.017090 227.319000 -102.733788       0.636 2.015 -87.184
weapon_ttt_p90  1517.807861 288.320343 -102.689445      0.115 1.509 -87.948
weapon_ttt_p90  1563.539429 288.322540 -102.713387      0.271 1.373 -87.477
weapon_ttt_p90  1594.135986 288.323212 -102.718407      0.361 1.373 -87.405
weapon_ttt_famas        -412.155762 436.277771 49.716259        0.049 15.389 89.610
weapon_ttt_famas        -391.102478 285.338989 49.723846        0.042 15.216 89.663
weapon_ttt_famas        -357.757629 623.382446 33.464275        -0.095 10.028 90.013
ttt_random_ammo -447.848389 1109.399414 16.345566       -0.269 0.106 0.236
ttt_random_ammo -440.953613 1109.096313 16.476973       -0.450 0.065 -1.087
ttt_random_ammo -430.045197 1109.182495 16.482349       1.295 -0.101 -1.521
ttt_random_ammo -415.318604 1109.277832 16.501913       -0.826 -0.054 1.001
ttt_random_ammo -401.143494 1109.308960 16.465578       -0.391 -0.014 0.568
ttt_random_ammo -385.263245 1109.208740 16.461323       1.851 0.220 -1.550
ttt_random_ammo -366.037903 1109.307373 16.451550       -0.709 -0.459 1.183
ttt_random_ammo -796.320496 341.669189 16.332787        0.046 0.000 -0.028
ttt_random_ammo -817.685669 339.682648 16.344555        0.048 0.000 -0.019
ttt_random_ammo -807.560425 338.204407 16.337605        0.046 0.000 -0.025
ttt_random_ammo -829.832886 337.561768 16.308319        0.096 -0.000 -0.027
ttt_random_ammo -841.884033 337.655029 16.404953        1.661 0.105 1.990
ttt_random_ammo -854.149353 337.646027 16.453465        0.665 0.045 0.309
ttt_random_ammo -865.570740 337.652985 16.448999        1.597 0.062 1.066
ttt_random_ammo -929.648376 686.402344 -111.623711      1.058 0.009 0.970
ttt_random_ammo -929.593506 702.114502 -111.581635      1.672 -0.024 0.392
ttt_random_ammo -929.645935 695.982483 -111.582298      1.171 0.019 1.189
ttt_random_ammo -929.148376 712.991760 -111.514999      1.372 -0.044 1.663
ttt_random_ammo -929.079346 723.787292 -111.513985      1.219 -0.070 1.478
ttt_random_ammo -929.547852 733.119690 -111.561409      1.520 -0.019 0.693
ttt_random_ammo -928.553406 744.678650 -111.518219      1.795 -0.142 2.176
ttt_random_ammo -718.337280 2013.285645 -79.511353      -1.093 0.084 0.931
ttt_random_ammo -708.128662 2013.238525 -79.534798      -0.894 -0.913 0.138
ttt_random_ammo -696.971802 2012.756592 -79.585579      1.494 -5.795 -0.046
ttt_random_ammo -684.432434 2013.100464 -79.517380      1.407 -1.213 -1.689
ttt_random_ammo -663.681213 2013.154419 -79.512665      0.916 -0.876 -1.110
ttt_random_ammo -674.095215 2012.497437 -79.540283      0.649 -9.445 -0.013
ttt_random_ammo -647.448730 2012.847656 -79.519218      1.700 -4.470 -2.061
ttt_random_ammo -632.355164 2013.092285 -79.513977      1.073 -1.655 -1.300
ttt_random_ammo -612.547852 2013.147461 -79.515526      1.156 -0.644 -1.378
ttt_random_ammo -591.565796 2013.277954 -79.532562      -0.808 -0.193 0.108
ttt_random_ammo -575.971375 2013.165527 -79.514732      1.007 -0.018 -1.186
ttt_random_ammo -552.469299 2013.261353 -79.516251      -0.257 -0.186 -0.028
ttt_random_ammo -411.820129 1302.563477 -88.118912      0.288 0.001 0.295
ttt_random_ammo -410.678833 1292.754883 -88.138741      0.072 0.000 0.021
ttt_random_ammo -410.155609 1280.258789 -88.136978      0.078 0.000 0.029
ttt_random_ammo -407.665802 821.223877 -111.580139      -0.338 -0.014 -0.531
ttt_random_ammo -407.725098 804.867859 -111.505882      -0.364 -0.796 -0.531
ttt_random_ammo -407.717957 812.891663 -111.563118      -0.459 -0.967 -1.344
ttt_random_ammo -262.775116 256.902161 48.960964        -0.046 -0.000 -0.012
ttt_random_ammo -276.431946 254.385544 49.057774        -1.166 -0.032 1.407
ttt_random_ammo -291.135529 259.479401 48.978645        -0.082 -0.000 0.041
ttt_random_ammo 1626.488892 1357.402710 -63.528706      -0.140 0.134 -0.026
ttt_random_ammo 1635.801025 1357.399902 -63.514996      -0.085 -0.249 0.200
ttt_random_ammo 1644.416260 1357.356812 -63.456398      1.134 0.022 0.176
ttt_random_ammo 1652.557739 1357.332764 -63.481953      1.564 -0.544 0.127
ttt_random_ammo 1661.196655 1357.384399 -63.500046      -0.313 -0.158 0.598
weapon_zm_rifle 1072.289429 332.690063 161.507111       0.160 -4.079 -89.126
weapon_zm_rifle 1018.017029 332.865601 161.166580       0.237 -5.394 -88.877
weapon_zm_rifle 969.015930 332.788971 161.074692        0.458 -4.812 -88.265
weapon_zm_rifle 1197.699097 495.271210 181.207443       3.317 15.404 65.436
weapon_zm_rifle 1500.746094 667.183350 -64.598923       3.272 7.637 66.712
weapon_zm_rifle 1585.694092 1022.845337 -102.828629     0.213 -5.932 -88.946
weapon_zm_rifle 1532.113037 1022.933655 -102.833046     0.270 -5.638 -88.866
weapon_zm_mac10 -416.983490 743.464661 -110.717644      -0.668 -25.816 -88.668
weapon_zm_mac10 -417.284943 729.461731 -110.740402      -0.351 -27.596 -88.223
weapon_zm_mac10 -416.937775 707.953796 -110.713692      -0.585 -25.530 -88.605
weapon_zm_mac10 -417.177216 687.215210 -110.734634      -0.321 -29.079 -88.301
weapon_zm_mac10 -416.892670 671.369568 -110.706383      -0.283 -27.043 -88.638
weapon_zm_mac10 109.273346 940.906616 145.259155        -0.113 -40.912 -88.649
weapon_zm_mac10 -526.920044 855.023560 -110.797569      0.099 -41.406 -88.376
weapon_zm_mac10 -551.025146 855.242126 -110.788887      -0.140 -41.901 -88.319
weapon_zm_mac10 -571.811462 855.023376 -110.801758      -0.137 -38.908 -88.235
weapon_zm_pistol        1649.683960 1082.244385 170.838928      0.703 -34.014 -88.984
weapon_zm_pistol        1685.511963 1080.926025 170.926529      0.175 -36.290 -89.165
weapon_zm_pistol        1672.629639 1082.196899 170.825180      1.914 -33.825 -87.631
weapon_zm_pistol        -685.480103 242.898193 16.877443        0.631 -35.605 -88.770
weapon_zm_pistol        -711.670654 238.287216 16.853943        0.767 -35.602 -88.547
weapon_zm_pistol        -732.646973 234.922531 16.834742        0.879 -35.599 -88.364
weapon_ttt_p228 1057.352905 899.762512 202.179764       36.360 0.390 0.142
weapon_ttt_p228 1041.959351 897.242188 202.249298       36.040 2.304 12.433
weapon_ttt_p228 1025.238281 897.358582 202.134308       35.703 2.274 13.248
weapon_ttt_p228 1004.894836 897.261353 202.161240       35.854 2.664 13.269
weapon_ttt_p228 991.638123 897.336853 202.140274        35.633 2.383 13.112
weapon_ttt_p228 976.495544 897.370544 202.138535        35.785 2.483 13.602
weapon_ttt_p228 845.124817 897.295959 202.169586        35.775 2.463 13.413
weapon_ttt_p228 862.693054 897.291260 202.204834        36.297 2.201 13.566
weapon_ttt_p228 897.710083 897.605530 202.211929        35.358 -0.154 15.012
weapon_ttt_p228 884.343079 897.395935 202.124100        35.918 1.820 14.081
weapon_ttt_p228 1639.421265 829.765503 182.853363       -0.942 -55.182 89.872
weapon_ttt_p228 -580.630127 1055.230103 16.857462       -0.685 35.667 89.833
weapon_ttt_p228 -580.630493 1084.299683 16.861736       -0.600 35.650 89.761
weapon_ttt_p228 -573.349304 1110.912231 16.819710       -0.781 36.510 89.420
weapon_ttt_p228 1702.752808 456.990601 -103.029411      -0.130 64.484 90.811
weapon_ttt_p228 1702.795166 428.891449 -103.031403      -0.103 65.298 90.715
weapon_ttt_p228 1702.771484 399.975922 -103.031631      0.101 64.788 91.350
weapon_ttt_p228 1702.758789 380.244720 -103.033569      0.048 65.490 91.005
weapon_ttt_p228 3.726116 565.823242 33.173801   -0.048 33.972 89.319
weapon_ttt_p228 -6.600463 566.231995 33.183960  -0.592 41.466 90.012
weapon_ttt_p228 -1.157809 692.634216 33.170540  -0.116 36.322 89.340
weapon_ttt_p228 20.389822 692.437500 33.151711  -0.375 35.554 90.400
item_ammo_pistol_ttt    1488.237915 1079.372559 170.474548      -0.235 -1.071 0.081
item_ammo_pistol_ttt    1517.672119 1079.223755 170.470428      0.023 -0.714 -0.192
item_ammo_pistol_ttt    1549.624023 1079.345093 170.425598      0.242 -0.336 -0.512
item_ammo_pistol_ttt    1534.424194 1079.335205 170.440613      1.220 -1.267 0.017
item_ammo_pistol_ttt    1501.932861 1079.306274 170.447342      0.005 -0.662 -0.238
item_ammo_pistol_ttt    1510.199097 1079.298462 170.420883      0.011 -0.628 -0.501
item_ammo_pistol_ttt    1562.755249 1079.355591 170.402161      0.234 -0.306 -0.496
item_ammo_pistol_ttt    1576.943481 1079.256470 170.453003      0.466 -0.454 -0.448
item_ammo_pistol_ttt    1222.710205 1079.448120 160.483063      0.168 1.975 0.048
item_ammo_pistol_ttt    1200.485596 1079.289063 160.466248      -0.164 0.510 -0.264
item_ammo_pistol_ttt    1208.823853 1079.233032 160.447906      0.510 -0.214 0.055
item_ammo_pistol_ttt    1239.312988 1079.337158 160.460846      -0.116 0.471 -0.208
item_ammo_pistol_ttt    1710.630737 1063.168457 170.477814      -0.024 -0.853 0.144
item_ammo_pistol_ttt    1708.331787 1044.434448 170.490265      -0.100 2.573 -0.099
item_ammo_pistol_ttt    1710.260742 1024.232788 170.476974      0.436 -2.559 -0.000
item_ammo_pistol_ttt    1710.460327 1000.973694 170.386841      0.191 0.775 0.212
item_ammo_pistol_ttt    1578.979492 921.114502 170.431961       0.958 1.906 0.021
item_ammo_pistol_ttt    1587.730225 920.208252 170.498657       -1.373 0.300 -0.444
item_ammo_pistol_ttt    1596.554932 921.286438 170.415558       0.520 -1.792 -0.113
item_ammo_pistol_ttt    1275.583740 714.444092 160.455963       0.300 -0.396 -0.183
item_ammo_pistol_ttt    1275.621948 783.893188 160.452682       0.048 0.004 -0.292
item_ammo_pistol_ttt    1275.416382 760.152344 160.477005       0.437 -0.338 0.000
item_ammo_pistol_ttt    1275.520508 735.386536 160.454422       0.398 -0.487 -0.182
item_ammo_pistol_ttt    1275.328247 806.269897 160.476273       1.247 0.127 -0.258
item_ammo_pistol_ttt    1275.398071 829.316223 160.483887       0.298 -0.319 -0.193
item_ammo_pistol_ttt    1275.318359 858.269531 160.465927       1.553 0.186 -0.290
item_ammo_pistol_ttt    956.286682 904.273926 202.483215        -0.290 0.445 -0.195
item_ammo_pistol_ttt    939.898438 904.245667 202.468277        0.687 -0.604 0.024
item_ammo_pistol_ttt    948.572815 904.215576 202.442551        -0.459 0.670 -0.514
item_ammo_pistol_ttt    933.073608 904.235962 202.425522        -0.248 0.485 -0.557
item_ammo_pistol_ttt    925.306763 904.164124 202.461548        -0.807 0.324 -0.503
item_ammo_pistol_ttt    1608.867920 820.539490 182.412369       -0.087 -0.017 -0.005
item_ammo_pistol_ttt    1599.490723 822.894165 182.402283       -0.343 -0.027 0.042
item_ammo_pistol_ttt    -647.949646 1415.739380 -71.059853      -0.124 -0.021 -0.024
item_ammo_pistol_ttt    -641.935913 1401.327515 -70.936600      -0.120 -0.001 -0.067
item_ammo_pistol_ttt    -770.913513 1401.365234 -70.911407      0.001 -5.819 -0.000
item_ammo_pistol_ttt    -754.002014 1388.018677 -68.208794      -89.811 9.014 0.025
item_ammo_pistol_ttt    -550.772766 822.186890 -111.544930      0.710 0.297 0.061
item_ammo_pistol_ttt    -541.503174 822.288208 -111.508278      -1.102 0.111 -0.397
item_ammo_pistol_ttt    -532.215637 822.071655 -111.545815      -0.284 1.216 -0.382
item_ammo_pistol_ttt    -518.534607 822.076294 -111.544083      -0.728 0.836 -0.514
item_ammo_pistol_ttt    -526.248352 634.208252 -111.572380      -0.452 0.455 -0.609
item_ammo_pistol_ttt    -538.740601 634.198425 -111.554184      -0.549 0.301 -0.518
item_ammo_pistol_ttt    -558.951294 634.281616 -111.541367      -0.450 0.155 -0.380
item_ammo_pistol_ttt    -550.116943 634.278870 -111.566933      -0.209 0.308 -0.367
item_ammo_pistol_ttt    -694.748047 1174.086792 -111.564209     -0.296 1.173 -0.505
item_ammo_pistol_ttt    -680.375122 1174.280884 -111.574356     -0.274 0.527 -0.564
item_ammo_pistol_ttt    -665.262024 1174.202515 -111.577095     -0.316 0.779 -0.596
item_ammo_pistol_ttt    -646.067932 1174.305786 -111.518494     -1.017 0.113 -0.441
item_ammo_pistol_ttt    -629.288208 1174.315430 -111.565353     -0.216 0.487 -0.487
item_ammo_pistol_ttt    66.347702 1333.641235 144.383514        0.192 2.277 0.307
item_ammo_pistol_ttt    75.399315 1333.871948 144.375061        -0.343 1.909 0.049
item_ammo_pistol_ttt    84.316185 1333.930786 144.452499        -0.301 1.317 -0.398
item_ammo_pistol_ttt    93.326805 1333.924194 144.442078        -0.362 1.325 -0.486
item_ammo_pistol_ttt    104.658173 1333.810059 144.426376       0.777 2.082 0.129
item_ammo_pistol_ttt    435.833435 416.389343 16.448662 -0.208 0.005 -0.092
item_ammo_pistol_ttt    435.836487 390.093658 16.390081 -0.380 0.007 -0.203
item_ammo_pistol_ttt    435.853058 363.276001 16.372694 -0.144 -0.014 -0.018
item_ammo_pistol_ttt    435.846802 338.906342 16.355839 -0.121 -0.017 -0.028
item_ammo_pistol_ttt    429.856567 604.726990 16.335752 -0.142 -0.019 -0.043
item_ammo_pistol_ttt    432.845001 578.186768 16.354309 -0.126 -0.019 -0.038
item_ammo_pistol_ttt    435.846252 554.276489 16.360594 -0.139 -0.016 -0.035
item_ammo_pistol_ttt    435.841492 527.567810 16.426535 -0.041 0.026 0.008
item_ammo_pistol_ttt    435.842041 496.847595 16.340199 -0.089 0.024 0.019
item_ammo_pistol_ttt    435.563782 472.037811 16.396704 -0.089 -0.020 -0.027
item_ammo_pistol_ttt    435.644684 444.661621 16.333271 -0.145 -0.018 -0.044
item_ammo_pistol_ttt    342.631897 1413.353760 144.370743       -0.112 -0.020 -0.034
item_ammo_pistol_ttt    340.838135 1462.564819 144.383591       -0.101 -0.020 -0.030
item_ammo_pistol_ttt    339.172760 1437.028442 144.414673       -0.139 -0.018 -0.046
item_ammo_pistol_ttt    339.166168 1489.609497 144.347794       0.640 0.075 0.232
item_ammo_pistol_ttt    341.862335 1395.051880 144.346802       -0.128 -0.012 0.008
item_ammo_pistol_ttt    339.169708 1371.527466 144.356781       -0.116 -0.002 -0.010
item_ammo_pistol_ttt    444.934235 1510.485840 144.381058       0.686 0.015 -0.129
item_ammo_pistol_ttt    436.212128 1510.359741 144.441742       0.330 0.078 0.264
item_ammo_pistol_ttt    418.088196 1510.487671 144.374008       -0.206 0.020 0.027
item_ammo_pistol_ttt    -536.535156 1102.178955 16.459417       -0.224 0.941 -0.328
item_ammo_pistol_ttt    -514.523315 1102.133057 16.441187       -0.321 1.075 -0.478
item_ammo_pistol_ttt    -522.422791 1102.180542 16.446838       -0.397 0.831 -0.466
item_ammo_pistol_ttt    -499.373688 1097.988403 16.444475       -0.410 1.232 -0.486
item_ammo_pistol_ttt    -507.323608 1102.085938 16.427652       -0.307 1.163 -0.562
item_ammo_pistol_ttt    -487.439728 1098.074219 16.454136       -0.201 1.073 -0.355
item_ammo_pistol_ttt    1164.064331 350.272278 182.479736       0.118 0.939 -0.086
item_ammo_pistol_ttt    1157.027954 349.186279 182.471130       -0.171 0.429 -0.235
item_ammo_pistol_ttt    1148.041748 349.132874 182.444763       -0.534 0.494 -0.513
item_ammo_pistol_ttt    1568.201294 626.658142 182.344711       -0.105 0.012 -0.002
item_ammo_pistol_ttt    1252.049927 920.227539 160.453217       -0.335 0.608 -0.405
item_ammo_pistol_ttt    1260.512085 920.201050 160.449997       -0.678 0.652 -0.537
item_ammo_pistol_ttt    1185.558228 1079.275146 160.475037      0.846 -0.149 -0.120
item_ammo_pistol_ttt    1169.162598 1079.564819 160.467850      -0.801 0.695 0.460
item_ammo_pistol_ttt    124.595039 1590.810425 -103.629158      -0.410 1.541 -0.103
item_ammo_pistol_ttt    124.509743 1571.227905 -103.589310      -0.002 1.591 -0.168
item_ammo_pistol_ttt    124.517075 1549.176880 -103.603355      -0.350 1.567 -0.014
item_ammo_pistol_ttt    124.462875 1455.910278 -103.580124      0.382 1.488 0.258
item_ammo_pistol_ttt    124.305855 1427.588989 -103.556572      1.653 0.917 0.401
item_ammo_pistol_ttt    1708.730469 867.949158 -103.575302      -0.236 0.310 -0.536
item_ammo_pistol_ttt    1708.758423 751.089172 -103.608170      0.016 0.437 -0.416
item_ammo_pistol_ttt    1708.723633 728.957458 -103.537636      -0.152 0.715 -0.286
item_ammo_pistol_ttt    1708.581055 701.891602 -103.561752      -0.074 1.199 -0.418
item_ammo_pistol_ttt    1708.631714 670.059937 -103.519897      -0.139 1.116 -0.166
item_ammo_pistol_ttt    1482.923218 1350.512329 -63.424923      0.555 -0.829 0.361
item_ammo_pistol_ttt    1494.825439 1350.560303 -63.440708      0.781 -0.217 0.537
item_ammo_pistol_ttt    1545.541504 1229.300415 -103.566933     -0.364 0.841 -0.545
item_ammo_pistol_ttt    1553.572510 1229.330200 -103.564323     -0.215 0.827 -0.480
item_ammo_pistol_ttt    1564.393555 1229.286377 -103.533524     -0.088 1.003 -0.238
item_ammo_pistol_ttt    1575.792236 1229.133545 -103.586304     0.210 1.128 0.140
item_ammo_pistol_ttt    1586.145508 1229.082642 -103.584778     -0.110 1.917 -0.050
item_ammo_pistol_ttt    1598.055786 1229.198364 -103.512695     -0.041 1.143 -0.087
item_ammo_pistol_ttt    1626.990356 1033.182129 -103.501305     -1.738 0.353 -0.563
item_ammo_pistol_ttt    1617.734009 1033.238159 -103.535736     -0.282 0.403 -0.316
item_ammo_pistol_ttt    1640.622437 1033.210205 -103.504860     -1.557 0.528 -0.522
item_ammo_pistol_ttt    1708.563232 1070.064697 -103.602974     -0.155 1.515 0.037
item_ammo_pistol_ttt    1708.720337 1096.449463 -103.562485     -1.340 0.395 -0.035
item_ammo_pistol_ttt    1708.543091 1232.629150 -103.562614     -0.353 1.196 -0.513
item_ammo_pistol_ttt    -270.130798 1862.205078 -103.538773     -0.219 0.833 -0.315
item_ammo_pistol_ttt    -281.212433 1862.297607 -103.580551     -0.020 0.638 -0.523
item_ammo_pistol_ttt    -256.119263 1862.196899 -103.563309     -0.400 0.798 -0.533
item_ammo_pistol_ttt    -242.708115 1862.237671 -103.576767     -0.433 0.636 -0.632
item_ammo_pistol_ttt    -227.242325 1862.111572 -103.557709     -0.445 1.102 -0.511
item_ammo_pistol_ttt    -297.163177 1862.143677 -103.518486     -0.101 0.976 -0.145
weapon_ttt_confgrenade  263.483551 253.904373 17.941448 -35.837 -51.554 -87.074
weapon_ttt_confgrenade  220.704132 250.689621 18.084391 -37.007 -49.874 -90.109
weapon_ttt_confgrenade  239.351166 252.468033 17.985216 -36.200 -51.061 -87.986
weapon_ttt_confgrenade  -207.242508 478.120789 17.959820        -88.567 -42.243 6.152
weapon_ttt_confgrenade  38.385998 817.432678 32.774414  20.823 -16.218 -42.973
weapon_ttt_confgrenade  264.462463 1038.123535 145.818680       13.204 -31.224 -85.064
weapon_ttt_confgrenade  218.139023 1003.041016 146.201691       12.957 -32.314 -91.586
weapon_ttt_confgrenade  952.738586 417.941956 -69.227737        -37.119 -54.622 -92.088
weapon_ttt_confgrenade  968.916077 415.036560 -69.339470        -35.470 -56.190 -89.457
weapon_ttt_confgrenade  956.988586 407.827881 -69.280144        -36.346 -55.397 -90.830
weapon_ttt_confgrenade  -405.337708 266.909576 50.669479        -37.796 -66.365 -90.235
weapon_ttt_confgrenade  -271.151428 276.510468 50.660152        -35.470 -56.190 -89.458
weapon_ttt_confgrenade  1432.485718 452.684052 161.858978       -35.144 -52.325 -85.391
weapon_ttt_confgrenade  1443.080566 475.930908 162.283737       8.869 159.601 93.388
weapon_ttt_confgrenade  1437.801270 505.589386 161.998459       -36.309 -50.919 -88.264
weapon_ttt_confgrenade  -33.117752 1380.484619 -89.874153       -38.474 -51.682 -94.412
weapon_ttt_confgrenade  -38.875164 1376.343750 -89.828987       12.657 -57.401 -93.609
weapon_ttt_confgrenade  -47.571617 1375.511475 -89.829384       12.576 -57.370 -93.630
weapon_ttt_confgrenade  -56.036102 1378.982666 -89.829788       12.459 -57.414 -93.665
weapon_ttt_confgrenade  -64.518898 1380.643188 -89.828300       12.833 -38.942 -93.560
weapon_ttt_m16  -740.500183 1426.383057 -70.584763      1.638 0.287 83.603
weapon_ttt_m16  -645.614075 827.755798 -111.138062      2.147 -5.568 83.922
weapon_ttt_m16  -608.755798 827.509216 -111.164330      2.397 -6.335 84.070
item_ammo_357_ttt       923.562012 339.841675 160.377960        -0.115 4.054 -0.039
item_ammo_357_ttt       968.428345 505.412445 160.389557        -0.151 3.235 -0.061
item_ammo_357_ttt       997.186401 505.367310 160.372223        -0.065 2.391 -0.233
item_ammo_357_ttt       1032.529907 505.353729 160.341278       -0.117 3.302 -0.017
item_ammo_357_ttt       1060.025269 505.288330 160.446045       0.148 3.084 -0.031
item_ammo_357_ttt       1011.121765 505.235321 160.398758       -0.931 0.230 0.000
item_ammo_357_ttt       975.976990 505.346802 160.424988        -0.151 1.962 -0.071
item_ammo_357_ttt       987.759644 505.251129 160.406754        0.217 2.077 0.002
item_ammo_357_ttt       1022.560181 505.245514 160.409607       -0.088 4.039 -0.206
item_ammo_357_ttt       1042.574097 505.301819 160.408356       -0.742 0.023 0.000
item_ammo_357_ttt       1151.958008 498.130219 182.466675       1.563 -7.278 -0.631
item_ammo_357_ttt       1164.326294 500.656342 182.469040       0.117 0.509 0.239
item_ammo_357_ttt       1174.745850 500.271759 185.414291       88.524 158.414 147.156
item_ammo_357_ttt       1460.585327 662.010437 -103.525787      1.635 0.233 -0.769
item_ammo_357_ttt       1451.789185 661.876099 -103.529732      0.478 0.388 0.000
item_ammo_357_ttt       1436.763794 662.004211 -103.525978      1.579 0.245 -0.732
item_ammo_357_ttt       1443.673828 661.880066 -103.529350      0.590 0.087 -0.075
item_ammo_357_ttt       1467.858276 662.081604 -103.539818      0.790 0.162 -0.161
item_ammo_357_ttt       1468.424683 672.808044 -103.561646      0.969 -0.294 -0.798
item_ammo_357_ttt       1460.818726 672.967224 -103.646873      0.711 0.061 -0.022
item_ammo_357_ttt       1450.536499 672.794373 -103.554276      -0.006 -0.596 0.000
item_ammo_357_ttt       1440.665283 672.990845 -103.609848      0.866 0.468 -0.009
item_ammo_357_ttt       1677.990356 821.051270 -79.613632       0.445 0.062 0.025
item_ammo_357_ttt       1667.849731 816.899902 -79.660950       0.430 0.073 0.037
item_ammo_357_ttt       1435.398315 1110.182983 -103.656952     0.465 0.064 0.046
item_ammo_357_ttt       1435.233032 1128.485474 -103.535439     0.558 -0.449 -0.137
item_ammo_357_ttt       1435.291992 1145.853638 -103.609085     0.274 -0.444 0.441
item_ammo_357_ttt       1440.993896 1156.258911 -103.595818     0.668 -0.329 -1.078
weapon_zm_shotgun       724.923401 1312.132446 145.127640       -0.460 -8.876 -84.426
weapon_zm_shotgun       348.567200 243.495712 16.663561 -0.480 -5.661 84.747
weapon_zm_shotgun       388.496521 243.833893 16.663218 -0.471 -7.930 84.801
weapon_zm_shotgun       418.984589 245.144547 16.663561 -0.480 -8.701 84.747
weapon_zm_shotgun       310.190613 243.961533 16.533409 -0.417 -9.763 83.514
weapon_zm_shotgun       265.704437 244.405350 16.603577 -0.615 -7.204 84.220
weapon_zm_shotgun       1560.089844 1301.990967 -74.914093      -0.327 -8.953 -84.032
weapon_zm_shotgun       1564.941895 1273.758423 -74.990402      -0.174 -8.958 -83.313
weapon_zm_shotgun       1564.965942 1254.520508 -75.012749      -0.129 -8.959 -83.103
weapon_zm_sledge        -793.910645 1509.150024 -106.335510     18.597 -0.335 3.187
weapon_zm_sledge        -795.353577 1542.723511 -106.212212     18.579 -1.131 2.573
weapon_zm_sledge        -795.221375 1561.498535 -106.191551     18.634 -1.279 2.992
weapon_zm_sledge        -794.895447 1597.693115 -106.204247     18.602 -0.831 3.004
weapon_zm_sledge        -794.896240 1577.608154 -106.186775     19.040 0.077 3.011
weapon_zm_sledge        -793.983826 1622.563843 -106.260773     18.457 -1.192 3.554
weapon_zm_sledge        -794.270142 1610.966064 -106.191551     18.634 -0.034 2.992
weapon_zm_sledge        35.096817 636.525940 38.339516  12.104 0.629 2.674
weapon_zm_sledge        -411.455353 956.113953 -108.967239      -6.082 14.374 88.909
weapon_zm_sledge        -411.524994 937.811829 -108.935379      -6.213 15.227 88.758
weapon_zm_sledge        -412.007233 911.465515 -109.104836      -6.196 26.463 88.358
weapon_zm_revolver      1699.833496 502.671539 -103.065117      2.240 -41.705 -85.518
weapon_zm_revolver      1699.901855 528.873779 -103.182915      2.931 -43.402 -83.723
weapon_zm_revolver      1699.675781 552.411072 -103.172188      2.536 -40.046 -83.636
weapon_zm_revolver      1699.799927 581.332581 -103.113495      2.376 -40.554 -85.493
weapon_zm_revolver      1699.496826 602.335327 -103.134781      2.260 -42.085 -85.074
weapon_zm_revolver      1491.181030 608.890808 -62.925083       1.996 -20.568 -85.802
weapon_zm_revolver      -599.663452 803.725891 20.708313        30.440 2.959 -6.894
weapon_zm_revolver      -571.976135 803.734619 20.661293        30.426 2.761 -6.923
weapon_zm_revolver      -543.589172 803.813538 20.708874        30.578 2.748 -6.225
weapon_zm_revolver      -422.572723 803.779907 20.708048        30.451 2.554 -6.637
weapon_zm_revolver      -392.062744 803.678345 20.742811        30.692 3.613 -6.946
weapon_zm_revolver      -371.623322 803.712524 20.690701        30.474 3.551 -6.686
weapon_zm_revolver      -358.817993 924.440308 16.865759        3.114 -16.571 -83.876
weapon_zm_revolver      -354.554169 939.809021 16.925163        2.636 -16.692 -84.696
weapon_zm_revolver      -363.588623 867.521912 16.888378        2.932 -16.620 -84.188
weapon_ttt_sg552        691.103149 338.221710 273.040283        2.335 6.627 -84.840
weapon_ttt_sg552        625.959839 338.274384 273.039154        2.358 5.482 -84.869
weapon_ttt_sg552        561.187195 338.468323 273.052582        2.079 6.418 -84.529
weapon_ttt_sg552        1479.505249 860.184998 160.994568       2.137 1.027 -84.125
weapon_ttt_sg552        1530.187012 873.506165 161.040573       2.329 1.138 -84.833
weapon_ttt_sg552        1566.913696 869.763672 161.043686       2.264 1.167 -84.754
weapon_ttt_sg552        1363.125610 1076.445190 161.073608      1.880 -5.052 -85.307
weapon_ttt_sg552        573.306946 1151.514282 48.859787        2.211 1.107 -83.035
weapon_ttt_sg552        564.225098 1107.816650 48.913982        2.150 1.093 -83.415
weapon_ttt_sg552        564.883484 1077.561523 48.894249        2.172 1.098 -83.276
weapon_ttt_sg552        483.494537 1439.680054 88.672615        1.385 -0.934 -85.035
weapon_ttt_sg552        -50.180481 1631.574341 -103.161087      1.932 2.091 84.696
weapon_ttt_sg552        -9.226983 1631.459595 -103.126343       1.916 1.693 84.980
weapon_ttt_sg552        57.443687 1631.271484 -103.129623       1.984 2.181 85.063
weapon_ttt_sg552        100.132591 1631.290771 -103.133720      2.068 2.009 85.166
weapon_ttt_sg552        1697.929321 901.962769 -103.007309      1.967 4.879 -84.019
weapon_ttt_sg552        1698.863159 883.964478 -102.953255      2.201 4.286 -84.676
weapon_ttt_sg552        1457.128052 1248.130737 -103.029671     1.469 21.621 -82.820
weapon_ttt_sg552        1457.170532 1278.745728 -103.106010     1.498 21.507 -82.168
weapon_ttt_sg552        1457.127686 1306.337158 -103.003792     1.480 20.982 -83.044